   1.0000000e-01
   1.0000000e-01
   1.0000000e-01
   1.0000000e-01
   1.0000000e-01
   1.0000000e-01
   1.0000000e-01
   1.0000000e-01
   1.0000000e-01
   1.0000000e-01
   1.0000000e-01
   1.0000000e-01
   1.0000000e-01
   1.0000000e-01
   1.0000000e-01
   1.0000000e-01
   1.0000000e-01
   1.0000000e-01
   1.0000000e-01
   1.0000000e-01
   1.0000000e-01
   1.0000000e-01
   1.0000000e-01
   1.0000000e-01
   1.0000000e-01
   1.0000000e-01
   1.0000000e-01
   1.0000000e-01
   1.0000000e-01
   1.0000000e-01
   1.0000000e-01
   1.0000000e-01
   1.0000000e-01
   1.0000000e-01
   1.0000000e-01
   1.0000000e-01
   1.0000000e-01
   1.0000000e-01
   1.0000000e-01
   1.0000000e-01
   1.0000000e-01
   1.0000000e-01
   1.0000000e-01
   1.0000000e-01
   1.0000000e-01
   1.0000000e-01
   1.0000000e-01
   1.0000000e-01
   1.0000000e-01
   1.0000000e-01
   1.0000000e-01
   1.0000000e-01
   1.0000000e-01
   1.0000000e-01
   1.0000000e-01
   1.0000000e-01
   1.0000000e-01
   1.0000000e-01
   1.0000000e-01
   1.0000000e-01
   1.0000000e-01
   1.0000000e-01
   1.0000000e-01
   1.0000000e-01
   1.0000000e-01
   1.0000000e-01
   1.0000000e-01
   1.0000000e-01
   1.0000000e-01
   1.0000000e-01
   1.0000000e-01
   1.0000000e-01
   1.0000000e-01
   1.0000000e-01
   1.0000000e-01
   1.0000000e-01
   1.0000000e-01
   1.0000000e-01
   1.0000000e-01
   1.0000000e-01
   1.0000000e-01
   1.0000000e-01
   1.0000000e-01
   1.0000000e-01
   1.0000000e-01
   1.0000000e-01
   1.0000000e-01
   1.0000000e-01
   1.0000000e-01
   1.0000000e-01
   1.0000000e-01
   1.0000000e-01
   1.0000000e-01
   1.0000000e-01
   1.0000000e-01
   1.0000000e-01
   1.0000000e-01
   1.0000000e-01
   1.0000000e-01
   1.0000000e-01
   1.0000000e-01
   1.0000000e-01
   1.0000000e-01
   1.0000000e-01
   1.0000000e-01
   1.0000000e-01
   1.0000000e-01
   1.0000000e-01
   1.0000000e-01
   1.0000000e-01
   1.0000000e-01
   1.0000000e-01
   1.0000000e-01
   1.0000000e-01
   1.0000000e-01
   1.0000000e-01
   1.0000000e-01
   1.0000000e-01
   1.0000000e-01
   1.0000000e-01
   1.0000000e-01
   1.0000000e-01
   1.0000000e-01
   1.0000000e-01
   1.0000000e-01
   1.0000000e-01
   1.0000000e-01
   1.0000000e-01
   1.0000000e-01
   1.0000000e-01
   1.0000000e-01
   1.0000000e-01
   1.0000000e-01
   1.0000000e-01
   1.0000000e-01
   1.0000000e-01
   1.0000000e-01
   1.0000000e-01
   1.0000000e-01
   1.0000000e-01
   1.0000000e-01
   1.0000000e-01
   1.0000000e-01
   1.0000000e-01
   1.0000000e-01
   1.0000000e-01
   1.0000000e-01
   1.0000000e-01
   1.0000000e-01
   1.0000000e-01
   1.0000000e-01
   1.0000000e-01
   1.0000000e-01
   1.0000000e-01
   1.0000000e-01
   1.0000000e-01
   1.0000000e-01
   1.0000000e-01
   1.0000000e-01
   1.0000000e-01
   1.0000000e-01
   1.0000000e-01
   1.0000000e-01
   1.0000000e-01
   1.0000000e-01
   1.0000000e-01
   1.0000000e-01
   1.0000000e-01
   1.0000000e-01
   1.0000000e-01
   1.0000000e-01
   1.0000000e-01
   1.0000000e-01
   1.0000000e-01
   1.0000000e-01
   1.0000000e-01
   1.0000000e-01
   1.0000000e-01
   1.0000000e-01
   1.0000000e-01
   1.0000000e-01
   1.0000000e-01
   1.0000000e-01
   1.0000000e-01
   1.0000000e-01
   1.0000000e-01
   1.0000000e-01
   1.0000000e-01
   1.0000000e-01
   1.0000000e-01
   1.0000000e-01
   1.0000000e-01
   1.0000000e-01
   1.0000000e-01
   1.0000000e-01
   1.0000000e-01
   1.0000000e-01
   1.0000000e-01
   1.0000000e-01
   1.0000000e-01
   1.0000000e-01
   1.0000000e-01
   1.0000000e-01
   1.0000000e-01
   1.0000000e-01
   1.0000000e-01
   1.0000000e-01
   1.0000000e-01
   1.0000000e-01
   1.0000000e-01
   1.0000000e-01
   1.0000000e-01
   1.0000000e-01
   1.0000000e-01
   1.0000000e-01
   1.0000000e-01
   1.0000000e-01
   1.0000000e-01
   1.0000000e-01
   1.0000000e-01
   1.0000000e-01
   1.0000000e-01
   1.0000000e-01
   1.0000000e-01
   1.0000000e-01
   1.0000000e-01
   1.0000000e-01
   1.0000000e-01
   1.0000000e-01
   1.0000000e-01
   1.0000000e-01
   1.0000000e-01
   1.0000000e-01
   1.0000000e-01
   1.0000000e-01
   1.0000000e-01
   1.0000000e-01
   1.0000000e-01
   1.0000000e-01
   1.0000000e-01
   1.0000000e-01
   1.0000000e-01
   1.0000000e-01
   1.0000000e-01
   1.0000000e-01
   1.0000000e-01
   1.0000000e-01
   1.0000000e-01
   1.0000000e-01
   1.0000000e-01
   1.0000000e-01
   1.0000000e-01
   1.0000000e-01
   1.0000000e-01
   1.3301487e-01
   1.5440264e-01
   1.6180340e-01
   1.5440264e-01
   1.3301487e-01
   1.0000000e-01
   1.0000000e-01
   1.0000000e-01
   1.0000000e-01
   1.0000000e-01
   1.0000000e-01
   1.0000000e-01
   1.0000000e-01
   1.0000000e-01
   1.0000000e-01
   1.0000000e-01
   1.0000000e-01
   1.0000000e-01
   1.0000000e-01
   1.0000000e-01
   1.0000000e-01
   1.0000000e-01
   1.0000000e-01
   1.0000000e-01
   1.0000000e-01
   1.0000000e-01
   1.0000000e-01
   1.0000000e-01
   1.0000000e-01
   1.0000000e-01
   1.0000000e-01
   1.0000000e-01
   1.0000000e-01
   1.0000000e-01
   1.0000000e-01
   1.0000000e-01
   1.0000000e-01
   1.0000000e-01
   1.0000000e-01
   1.0000000e-01
   1.4713857e-01
   1.8484013e-01
   2.0915898e-01
   2.1755705e-01
   2.0915898e-01
   1.8484013e-01
   1.4713857e-01
   1.0000000e-01
   1.0000000e-01
   1.0000000e-01
   1.0000000e-01
   1.0000000e-01
   1.0000000e-01
   1.0000000e-01
   1.0000000e-01
   1.0000000e-01
   1.0000000e-01
   1.0000000e-01
   1.0000000e-01
   1.0000000e-01
   1.0000000e-01
   1.0000000e-01
   1.0000000e-01
   1.0000000e-01
   1.0000000e-01
   1.0000000e-01
   1.0000000e-01
   1.0000000e-01
   1.0000000e-01
   1.0000000e-01
   1.0000000e-01
   1.0000000e-01
   1.0000000e-01
   1.0000000e-01
   1.0000000e-01
   1.0000000e-01
   1.0000000e-01
   1.0000000e-01
   1.0000000e-01
   1.0000000e-01
   1.3301487e-01
   1.8484013e-01
   2.2610350e-01
   2.5264825e-01
   2.6180340e-01
   2.5264825e-01
   2.2610350e-01
   1.8484013e-01
   1.3301487e-01
   1.0000000e-01
   1.0000000e-01
   1.0000000e-01
   1.0000000e-01
   1.0000000e-01
   1.0000000e-01
   1.0000000e-01
   1.0000000e-01
   1.0000000e-01
   1.0000000e-01
   1.0000000e-01
   1.0000000e-01
   1.0000000e-01
   1.0000000e-01
   1.0000000e-01
   1.0000000e-01
   1.0000000e-01
   1.0000000e-01
   1.0000000e-01
   1.0000000e-01
   1.0000000e-01
   1.0000000e-01
   1.0000000e-01
   1.0000000e-01
   1.0000000e-01
   1.0000000e-01
   1.0000000e-01
   1.0000000e-01
   1.0000000e-01
   1.0000000e-01
   1.0000000e-01
   1.0000000e-01
   1.5440264e-01
   2.0915898e-01
   2.5264825e-01
   2.8058336e-01
   2.9021130e-01
   2.8058336e-01
   2.5264825e-01
   2.0915898e-01
   1.5440264e-01
   1.0000000e-01
   1.0000000e-01
   1.0000000e-01
   1.0000000e-01
   1.0000000e-01
   1.0000000e-01
   1.0000000e-01
   1.0000000e-01
   1.0000000e-01
   1.0000000e-01
   1.0000000e-01
   1.0000000e-01
   1.0000000e-01
   1.0000000e-01
   1.0000000e-01
   1.0000000e-01
   1.0000000e-01
   1.0000000e-01
   1.0000000e-01
   1.0000000e-01
   1.0000000e-01
   1.0000000e-01
   1.0000000e-01
   1.0000000e-01
   1.0000000e-01
   1.0000000e-01
   1.0000000e-01
   1.0000000e-01
   1.0000000e-01
   1.0000000e-01
   1.0000000e-01
   1.0000000e-01
   1.6180340e-01
   2.1755705e-01
   2.6180340e-01
   2.9021130e-01
   3.0000000e-01
   2.9021130e-01
   2.6180340e-01
   2.1755705e-01
   1.6180340e-01
   1.0000000e-01
   1.0000000e-01
   1.0000000e-01
   1.0000000e-01
   1.0000000e-01
   1.0000000e-01
   1.0000000e-01
   1.0000000e-01
   1.0000000e-01
   1.0000000e-01
   1.0000000e-01
   1.0000000e-01
   1.0000000e-01
   1.0000000e-01
   1.0000000e-01
   1.0000000e-01
   1.0000000e-01
   1.0000000e-01
   1.0000000e-01
   1.0000000e-01
   1.0000000e-01
   1.0000000e-01
   1.0000000e-01
   1.0000000e-01
   1.0000000e-01
   1.0000000e-01
   1.0000000e-01
   1.0000000e-01
   1.0000000e-01
   1.0000000e-01
   1.0000000e-01
   1.0000000e-01
   1.5440264e-01
   2.0915898e-01
   2.5264825e-01
   2.8058336e-01
   2.9021130e-01
   2.8058336e-01
   2.5264825e-01
   2.0915898e-01
   1.5440264e-01
   1.0000000e-01
   1.0000000e-01
   1.0000000e-01
   1.0000000e-01
   1.0000000e-01
   1.0000000e-01
   1.0000000e-01
   1.0000000e-01
   1.0000000e-01
   1.0000000e-01
   1.0000000e-01
   1.0000000e-01
   1.0000000e-01
   1.0000000e-01
   1.0000000e-01
   1.0000000e-01
   1.0000000e-01
   1.0000000e-01
   1.0000000e-01
   1.0000000e-01
   1.0000000e-01
   1.0000000e-01
   1.0000000e-01
   1.0000000e-01
   1.0000000e-01
   1.0000000e-01
   1.0000000e-01
   1.0000000e-01
   1.0000000e-01
   1.0000000e-01
   1.0000000e-01
   1.0000000e-01
   1.3301487e-01
   1.8484013e-01
   2.2610350e-01
   2.5264825e-01
   2.6180340e-01
   2.5264825e-01
   2.2610350e-01
   1.8484013e-01
   1.3301487e-01
   1.0000000e-01
   1.0000000e-01
   1.0000000e-01
   1.0000000e-01
   1.0000000e-01
   1.0000000e-01
   1.0000000e-01
   1.0000000e-01
   1.0000000e-01
   1.0000000e-01
   1.0000000e-01
   1.0000000e-01
   1.0000000e-01
   1.0000000e-01
   1.0000000e-01
   1.0000000e-01
   1.0000000e-01
   1.0000000e-01
   1.0000000e-01
   1.0000000e-01
   1.0000000e-01
   1.0000000e-01
   1.0000000e-01
   1.0000000e-01
   1.0000000e-01
   1.0000000e-01
   1.0000000e-01
   1.0000000e-01
   1.0000000e-01
   1.0000000e-01
   1.0000000e-01
   1.0000000e-01
   1.0000000e-01
   1.4713857e-01
   1.8484013e-01
   2.0915898e-01
   2.1755705e-01
   2.0915898e-01
   1.8484013e-01
   1.4713857e-01
   1.0000000e-01
   1.0000000e-01
   1.0000000e-01
   1.0000000e-01
   1.0000000e-01
   1.0000000e-01
   1.0000000e-01
   1.0000000e-01
   1.0000000e-01
   1.0000000e-01
   1.0000000e-01
   1.0000000e-01
   1.0000000e-01
   1.0000000e-01
   1.0000000e-01
   1.0000000e-01
   1.0000000e-01
   1.0000000e-01
   1.0000000e-01
   1.0000000e-01
   1.0000000e-01
   1.0000000e-01
   1.0000000e-01
   1.0000000e-01
   1.0000000e-01
   1.0000000e-01
   1.0000000e-01
   1.0000000e-01
   1.0000000e-01
   1.0000000e-01
   1.0000000e-01
   1.0000000e-01
   1.0000000e-01
   1.0000000e-01
   1.0000000e-01
   1.3301487e-01
   1.5440264e-01
   1.6180340e-01
   1.5440264e-01
   1.3301487e-01
   1.0000000e-01
   1.0000000e-01
   1.0000000e-01
   1.0000000e-01
   1.0000000e-01
   1.0000000e-01
   1.0000000e-01
   1.0000000e-01
   1.0000000e-01
   1.0000000e-01
   1.0000000e-01
   1.0000000e-01
   1.0000000e-01
   1.0000000e-01
   1.0000000e-01
   1.0000000e-01
   1.0000000e-01
   1.0000000e-01
   1.0000000e-01
   1.0000000e-01
   1.0000000e-01
   1.0000000e-01
   1.0000000e-01
   1.0000000e-01
   1.0000000e-01
   1.0000000e-01
   1.0000000e-01
   1.0000000e-01
   1.0000000e-01
   1.0000000e-01
   1.0000000e-01
   1.0000000e-01
   1.0000000e-01
   1.0000000e-01
   1.0000000e-01
   1.0000000e-01
   1.0000000e-01
   1.0000000e-01
   1.0000000e-01
   1.0000000e-01
   1.0000000e-01
   1.0000000e-01
   1.0000000e-01
   1.0000000e-01
   1.0000000e-01
   1.0000000e-01
   1.0000000e-01
   1.0000000e-01
   1.0000000e-01
   1.0000000e-01
   1.0000000e-01
   1.0000000e-01
   1.0000000e-01
   1.0000000e-01
   1.0000000e-01
   1.0000000e-01
   1.0000000e-01
   1.0000000e-01
   1.0000000e-01
   1.0000000e-01
   1.0000000e-01
   1.0000000e-01
   1.0000000e-01
   1.0000000e-01
   1.0000000e-01
   1.0000000e-01
   1.0000000e-01
   1.0000000e-01
   1.0000000e-01
   1.0000000e-01
   1.0000000e-01
   1.0000000e-01
   1.0000000e-01
   1.0000000e-01
   1.0000000e-01
   1.0000000e-01
   1.0000000e-01
   1.0000000e-01
   1.0000000e-01
   1.0000000e-01
   1.0000000e-01
   1.0000000e-01
   1.0000000e-01
   1.0000000e-01
   1.0000000e-01
   1.0000000e-01
   1.0000000e-01
   1.0000000e-01
   1.0000000e-01
   1.0000000e-01
   1.0000000e-01
   1.0000000e-01
   1.0000000e-01
   1.0000000e-01
   1.0000000e-01
   1.0000000e-01
   1.0000000e-01
   1.0000000e-01
   1.0000000e-01
   1.0000000e-01
   1.0000000e-01
   1.0000000e-01
   1.0000000e-01
   1.0000000e-01
   1.0000000e-01
   1.0000000e-01
   1.0000000e-01
   1.0000000e-01
   1.0000000e-01
   1.0000000e-01
   1.0000000e-01
   1.0000000e-01
   1.0000000e-01
   1.0000000e-01
   1.0000000e-01
   1.0000000e-01
   1.0000000e-01
   1.0000000e-01
   1.0000000e-01
   1.0000000e-01
   1.0000000e-01
   1.0000000e-01
   1.0000000e-01
   1.0000000e-01
   1.0000000e-01
   1.0000000e-01
   1.0000000e-01
   1.0000000e-01
   1.0000000e-01
   1.0000000e-01
   1.0000000e-01
   1.0000000e-01
   1.0000000e-01
   1.0000000e-01
   1.0000000e-01
   1.0000000e-01
   1.0000000e-01
   1.0000000e-01
   1.0000000e-01
   1.0000000e-01
   1.0000000e-01
   1.0000000e-01
   1.0000000e-01
   1.0000000e-01
   1.0000000e-01
   1.0000000e-01
   1.0000000e-01
   1.0000000e-01
   1.0000000e-01
   1.0000000e-01
   1.0000000e-01
   1.0000000e-01
   1.0000000e-01
   1.0000000e-01
   1.0000000e-01
   1.0000000e-01
   1.0000000e-01
   1.0000000e-01
   1.0000000e-01
   1.0000000e-01
   1.0000000e-01
   1.0000000e-01
   1.0000000e-01
   1.0000000e-01
   1.0000000e-01
   1.0000000e-01
   1.0000000e-01
   1.0000000e-01
   1.0000000e-01
   1.0000000e-01
   1.0000000e-01
   1.0000000e-01
   1.0000000e-01
   1.0000000e-01
   1.0000000e-01
   1.0000000e-01
   1.0000000e-01
   1.0000000e-01
   1.0000000e-01
   1.0000000e-01
   1.0000000e-01
   1.0000000e-01
   1.0000000e-01
   1.0000000e-01
   1.0000000e-01
   1.0000000e-01
   1.0000000e-01
   1.0000000e-01
   1.0000000e-01
   1.0000000e-01
   1.0000000e-01
   1.0000000e-01
   1.0000000e-01
   1.0000000e-01
   1.0000000e-01
   1.0000000e-01
   1.0000000e-01
   1.0000000e-01
   1.0000000e-01
   1.0000000e-01
   1.0000000e-01
   1.0000000e-01
   1.0000000e-01
   1.0000000e-01
   1.0000000e-01
   1.0000000e-01
   1.0000000e-01
   1.0000000e-01
   1.0000000e-01
   1.0000000e-01
   1.0000000e-01
   1.0000000e-01
   1.0000000e-01
   1.0000000e-01
   1.0000000e-01
   1.0000000e-01
   1.0000000e-01
   1.0000000e-01
   1.0000000e-01
   1.0000000e-01
   1.0000000e-01
   1.0000000e-01
   1.0000000e-01
   1.0000000e-01
   1.0000000e-01
   1.0000000e-01
   1.0000000e-01
   1.0000000e-01
   1.0000000e-01
   1.0000000e-01
   1.0000000e-01
   1.0000000e-01
   1.0000000e-01
   1.0000000e-01
   1.0000000e-01
   1.0000000e-01
   1.0000000e-01
   1.0000000e-01
   1.0000000e-01
   1.0000000e-01
   1.0000000e-01
   1.0000000e-01
   1.0000000e-01
   1.0000000e-01
   1.0000000e-01
   1.0000000e-01
   1.0000000e-01
   1.0000000e-01
   1.0000000e-01
   1.0000000e-01
   1.0000000e-01
   1.0000000e-01
   1.0000000e-01
   1.0000000e-01
   1.0000000e-01
   1.0000000e-01
   1.0000000e-01
   1.0000000e-01
   1.0000000e-01
   1.0000000e-01
   1.0000000e-01
   1.0000000e-01
   1.0000000e-01
   1.0000000e-01
   1.0000000e-01
   1.0000000e-01
   1.0000000e-01
   1.0000000e-01
   1.0000000e-01
   1.0000000e-01
   1.0000000e-01
   1.0000000e-01
   1.0000000e-01
   1.0000000e-01
   1.0000000e-01
   1.0000000e-01
   1.0000000e-01
   1.0000000e-01
   1.0000000e-01
   1.0000000e-01
   1.0000000e-01
   1.0000000e-01
   1.0000000e-01
   1.0000000e-01
   1.0000000e-01
   1.0000000e-01
   1.0000000e-01
   1.0000000e-01
   1.0000000e-01
   1.0000000e-01
   1.0000000e-01
   1.0000000e-01
   1.0000000e-01
   1.0000000e-01
   1.0000000e-01
   1.0000000e-01
   1.0000000e-01
   1.0000000e-01
   1.0000000e-01
   1.0000000e-01
   1.0000000e-01
   1.0000000e-01
   1.0000000e-01
   1.0000000e-01
   1.0000000e-01
   1.0000000e-01
   1.0000000e-01
   1.0000000e-01
   1.0000000e-01
   1.0000000e-01
   1.0000000e-01
   1.0000000e-01
   1.0000000e-01
   1.0000000e-01
   1.0000000e-01
   1.0000000e-01
   1.0000000e-01
   1.0000000e-01
   1.0000000e-01
   1.0000000e-01
   1.0000000e-01
   1.0000000e-01
   1.0000000e-01
   1.0000000e-01
   1.0000000e-01
   1.0000000e-01
   1.0000000e-01
   1.0000000e-01
   1.0000000e-01
   1.0000000e-01
   1.0000000e-01
   1.0000000e-01
   1.0000000e-01
   1.0000000e-01
   1.0000000e-01
   1.0000000e-01
   1.0000000e-01
   1.0000000e-01
   1.0000000e-01
   1.0000000e-01
   1.0000000e-01
   1.0000000e-01
   1.0000000e-01
   1.0000000e-01
   1.0000000e-01
   1.0000000e-01
   1.0000000e-01
   1.0000000e-01
   1.0000000e-01
   1.0000000e-01
   1.0000000e-01
   1.0000000e-01
   1.0000000e-01
   1.0000000e-01
   1.0000000e-01
   1.0000000e-01
   1.0000000e-01
   1.0000000e-01
   1.0000000e-01
   1.0000000e-01
   1.0000000e-01
   1.0000000e-01
   1.0000000e-01
   1.0000000e-01
   1.0000000e-01
   1.0000000e-01
   1.0000000e-01
   1.0000000e-01
   1.0000000e-01
   1.0000000e-01
   1.0000000e-01
   1.0000000e-01
   1.0000000e-01
   1.0000000e-01
   1.0000000e-01
   1.0000000e-01
   1.0000000e-01
   1.0000000e-01
   1.0000000e-01
   1.0000000e-01
   1.0000000e-01
   1.0000000e-01
   1.0000000e-01
   1.0000000e-01
   1.0000000e-01
   1.0000000e-01
   1.0000000e-01
   1.0000000e-01
   1.0000000e-01
   1.0000000e-01
   1.0000000e-01
   1.0000000e-01
   1.0000000e-01
   1.0000000e-01
   1.0000000e-01
   1.0000000e-01
   1.0000000e-01
   1.0000000e-01
   1.0000000e-01
   1.0000000e-01
   1.0000000e-01
   1.0000000e-01
   1.0000000e-01
   1.0000000e-01
   1.0000000e-01
   1.0000000e-01
   1.0000000e-01
   1.0000000e-01
   1.0000000e-01
   1.0000000e-01
   1.0000000e-01
   1.0000000e-01
   1.0000000e-01
   1.0000000e-01
   1.0000000e-01
   1.0000000e-01
   1.0000000e-01
   1.0000000e-01
   1.0000000e-01
   1.0000000e-01
   1.0000000e-01
   1.0000000e-01
   1.0000000e-01
   1.0000000e-01
   1.0000000e-01
   1.0000000e-01
   1.0000000e-01
   1.0000000e-01
   1.0000000e-01
   1.0000000e-01
   1.0000000e-01
   1.0000000e-01
   1.0000000e-01
   1.0000000e-01
   1.0000000e-01
   1.0000000e-01
   1.0000000e-01
   1.0000000e-01
   1.0000000e-01
   1.0000000e-01
   1.0000000e-01
   1.0000000e-01
   1.0000000e-01
   1.0000000e-01
   1.0000000e-01
   1.0000000e-01
   1.0000000e-01
   1.0000000e-01
   1.0000000e-01
   1.0000000e-01
   1.0000000e-01
   1.0000000e-01
   1.0000000e-01
   1.0000000e-01
   1.0000000e-01
   1.0000000e-01
   1.0000000e-01
   1.0000000e-01
   1.0000000e-01
   1.0000000e-01
   1.0000000e-01
   1.0000000e-01
   1.0000000e-01
   1.0000000e-01
   1.0000000e-01
   1.0000000e-01
   1.0000000e-01
   1.0000000e-01
   1.0000000e-01
   1.0000000e-01
   1.0000000e-01
   1.0000000e-01
   1.0000000e-01
   1.0000000e-01
   1.0000000e-01
   1.0000000e-01
   1.0000000e-01
   1.0000000e-01
   1.0000000e-01
   1.0000000e-01
   1.0000000e-01
   1.0000000e-01
   1.0000000e-01
   1.0000000e-01
   1.0000000e-01
   1.0000000e-01
   1.0000000e-01
   1.0000000e-01
   1.0000000e-01
   1.0000000e-01
   1.0000000e-01
   1.0000000e-01
   1.0000000e-01
   1.0000000e-01
   1.0000000e-01
   1.0000000e-01
   1.0000000e-01
   1.0000000e-01
   1.0000000e-01
   1.0000000e-01
   1.0000000e-01
   1.0000000e-01
   1.0000000e-01
   1.0000000e-01
   1.0000000e-01
   1.0000000e-01
   1.0000000e-01
   1.3301487e-01
   1.5440264e-01
   1.6180340e-01
   1.5440264e-01
   1.3301487e-01
   1.0000000e-01
   1.0000000e-01
   1.0000000e-01
   1.0000000e-01
   1.0000000e-01
   1.0000000e-01
   1.0000000e-01
   1.0000000e-01
   1.0000000e-01
   1.0000000e-01
   1.0000000e-01
   1.0000000e-01
   1.0000000e-01
   1.0000000e-01
   1.0000000e-01
   1.0000000e-01
   1.0000000e-01
   1.0000000e-01
   1.0000000e-01
   1.0000000e-01
   1.0000000e-01
   1.0000000e-01
   1.0000000e-01
   1.0000000e-01
   1.0000000e-01
   1.0000000e-01
   1.0000000e-01
   1.0000000e-01
   1.0000000e-01
   1.0000000e-01
   1.0000000e-01
   1.0000000e-01
   1.0000000e-01
   1.0000000e-01
   1.0000000e-01
   1.4713857e-01
   1.8484013e-01
   2.0915898e-01
   2.1755705e-01
   2.0915898e-01
   1.8484013e-01
   1.4713857e-01
   1.0000000e-01
   1.0000000e-01
   1.0000000e-01
   1.0000000e-01
   1.0000000e-01
   1.0000000e-01
   1.0000000e-01
   1.0000000e-01
   1.0000000e-01
   1.0000000e-01
   1.0000000e-01
   1.0000000e-01
   1.0000000e-01
   1.0000000e-01
   1.0000000e-01
   1.0000000e-01
   1.0000000e-01
   1.0000000e-01
   1.0000000e-01
   1.0000000e-01
   1.0000000e-01
   1.0000000e-01
   1.0000000e-01
   1.0000000e-01
   1.0000000e-01
   1.0000000e-01
   1.0000000e-01
   1.0000000e-01
   1.0000000e-01
   1.0000000e-01
   1.0000000e-01
   1.0000000e-01
   1.0000000e-01
   1.3301487e-01
   1.8484013e-01
   2.2610350e-01
   2.5264825e-01
   2.6180340e-01
   2.5264825e-01
   2.2610350e-01
   1.8484013e-01
   1.3301487e-01
   1.0000000e-01
   1.0000000e-01
   1.0000000e-01
   1.0000000e-01
   1.0000000e-01
   1.0000000e-01
   1.0000000e-01
   1.0000000e-01
   1.0000000e-01
   1.0000000e-01
   1.0000000e-01
   1.0000000e-01
   1.0000000e-01
   1.0000000e-01
   1.0000000e-01
   1.0000000e-01
   1.0000000e-01
   1.0000000e-01
   1.0000000e-01
   1.0000000e-01
   1.0000000e-01
   1.0000000e-01
   1.0000000e-01
   1.0000000e-01
   1.0000000e-01
   1.0000000e-01
   1.0000000e-01
   1.0000000e-01
   1.0000000e-01
   1.0000000e-01
   1.0000000e-01
   1.0000000e-01
   1.5440264e-01
   2.0915898e-01
   2.5264825e-01
   2.8058336e-01
   2.9021130e-01
   2.8058336e-01
   2.5264825e-01
   2.0915898e-01
   1.5440264e-01
   1.0000000e-01
   1.0000000e-01
   1.0000000e-01
   1.0000000e-01
   1.0000000e-01
   1.0000000e-01
   1.0000000e-01
   1.0000000e-01
   1.0000000e-01
   1.0000000e-01
   1.0000000e-01
   1.0000000e-01
   1.0000000e-01
   1.0000000e-01
   1.0000000e-01
   1.0000000e-01
   1.0000000e-01
   1.0000000e-01
   1.0000000e-01
   1.0000000e-01
   1.0000000e-01
   1.0000000e-01
   1.0000000e-01
   1.0000000e-01
   1.0000000e-01
   1.0000000e-01
   1.0000000e-01
   1.0000000e-01
   1.0000000e-01
   1.0000000e-01
   1.0000000e-01
   1.0000000e-01
   1.6180340e-01
   2.1755705e-01
   2.6180340e-01
   2.9021130e-01
   3.0000000e-01
   2.9021130e-01
   2.6180340e-01
   2.1755705e-01
   1.6180340e-01
   1.0000000e-01
   1.0000000e-01
   1.0000000e-01
   1.0000000e-01
   1.0000000e-01
   1.0000000e-01
   1.0000000e-01
   1.0000000e-01
   1.0000000e-01
   1.0000000e-01
   1.0000000e-01
   1.0000000e-01
   1.0000000e-01
   1.0000000e-01
   1.0000000e-01
   1.0000000e-01
   1.0000000e-01
   1.0000000e-01
   1.0000000e-01
   1.0000000e-01
   1.0000000e-01
   1.0000000e-01
   1.0000000e-01
   1.0000000e-01
   1.0000000e-01
   1.0000000e-01
   1.0000000e-01
   1.0000000e-01
   1.0000000e-01
   1.0000000e-01
   1.0000000e-01
   1.0000000e-01
   1.5440264e-01
   2.0915898e-01
   2.5264825e-01
   2.8058336e-01
   2.9021130e-01
   2.8058336e-01
   2.5264825e-01
   2.0915898e-01
   1.5440264e-01
   1.0000000e-01
   1.0000000e-01
   1.0000000e-01
   1.0000000e-01
   1.0000000e-01
   1.0000000e-01
   1.0000000e-01
   1.0000000e-01
   1.0000000e-01
   1.0000000e-01
   1.0000000e-01
   1.0000000e-01
   1.0000000e-01
   1.0000000e-01
   1.0000000e-01
   1.0000000e-01
   1.0000000e-01
   1.0000000e-01
   1.0000000e-01
   1.0000000e-01
   1.0000000e-01
   1.0000000e-01
   1.0000000e-01
   1.0000000e-01
   1.0000000e-01
   1.0000000e-01
   1.0000000e-01
   1.0000000e-01
   1.0000000e-01
   1.0000000e-01
   1.0000000e-01
   1.0000000e-01
   1.3301487e-01
   1.8484013e-01
   2.2610350e-01
   2.5264825e-01
   2.6180340e-01
   2.5264825e-01
   2.2610350e-01
   1.8484013e-01
   1.3301487e-01
   1.0000000e-01
   1.0000000e-01
   1.0000000e-01
   1.0000000e-01
   1.0000000e-01
   1.0000000e-01
   1.0000000e-01
   1.0000000e-01
   1.0000000e-01
   1.0000000e-01
   1.0000000e-01
   1.0000000e-01
   1.0000000e-01
   1.0000000e-01
   1.0000000e-01
   1.0000000e-01
   1.0000000e-01
   1.0000000e-01
   1.0000000e-01
   1.0000000e-01
   1.0000000e-01
   1.0000000e-01
   1.0000000e-01
   1.0000000e-01
   1.0000000e-01
   1.0000000e-01
   1.0000000e-01
   1.0000000e-01
   1.0000000e-01
   1.0000000e-01
   1.0000000e-01
   1.0000000e-01
   1.0000000e-01
   1.4713857e-01
   1.8484013e-01
   2.0915898e-01
   2.1755705e-01
   2.0915898e-01
   1.8484013e-01
   1.4713857e-01
   1.0000000e-01
   1.0000000e-01
   1.0000000e-01
   1.0000000e-01
   1.0000000e-01
   1.0000000e-01
   1.0000000e-01
   1.0000000e-01
   1.0000000e-01
   1.0000000e-01
   1.0000000e-01
   1.0000000e-01
   1.0000000e-01
   1.0000000e-01
   1.0000000e-01
   1.0000000e-01
   1.0000000e-01
   1.0000000e-01
   1.0000000e-01
   1.0000000e-01
   1.0000000e-01
   1.0000000e-01
   1.0000000e-01
   1.0000000e-01
   1.0000000e-01
   1.0000000e-01
   1.0000000e-01
   1.0000000e-01
   1.0000000e-01
   1.0000000e-01
   1.0000000e-01
   1.0000000e-01
   1.0000000e-01
   1.0000000e-01
   1.0000000e-01
   1.3301487e-01
   1.5440264e-01
   1.6180340e-01
   1.5440264e-01
   1.3301487e-01
   1.0000000e-01
   1.0000000e-01
   1.0000000e-01
   1.0000000e-01
   1.0000000e-01
   1.0000000e-01
   1.0000000e-01
   1.0000000e-01
   1.0000000e-01
   1.0000000e-01
   1.0000000e-01
   1.0000000e-01
   1.0000000e-01
   1.0000000e-01
   1.0000000e-01
   1.0000000e-01
   1.0000000e-01
   1.0000000e-01
   1.0000000e-01
   1.0000000e-01
   1.0000000e-01
   1.0000000e-01
   1.0000000e-01
   1.0000000e-01
   1.0000000e-01
   1.0000000e-01
   1.0000000e-01
   1.0000000e-01
   1.0000000e-01
   1.0000000e-01
   1.0000000e-01
   1.0000000e-01
   1.0000000e-01
   1.0000000e-01
   1.0000000e-01
   1.0000000e-01
   1.0000000e-01
   1.0000000e-01
   1.0000000e-01
   1.0000000e-01
   1.0000000e-01
   1.0000000e-01
   1.0000000e-01
   1.0000000e-01
   1.0000000e-01
   1.0000000e-01
   1.0000000e-01
   1.0000000e-01
   1.0000000e-01
   1.0000000e-01
   1.0000000e-01
   1.0000000e-01
   1.0000000e-01
   1.0000000e-01
   1.0000000e-01
   1.0000000e-01
   1.0000000e-01
   1.0000000e-01
   1.0000000e-01
   1.0000000e-01
   1.0000000e-01
   1.0000000e-01
   1.0000000e-01
   1.0000000e-01
   1.0000000e-01
   1.0000000e-01
   1.0000000e-01
   1.0000000e-01
   1.0000000e-01
   1.0000000e-01
   1.0000000e-01
   1.0000000e-01
   1.0000000e-01
   1.0000000e-01
   1.0000000e-01
   1.0000000e-01
   1.0000000e-01
   1.0000000e-01
   1.0000000e-01
   1.0000000e-01
   1.0000000e-01
   1.0000000e-01
   1.0000000e-01
   1.0000000e-01
   1.0000000e-01
   1.0000000e-01
   1.0000000e-01
   1.0000000e-01
   1.0000000e-01
   1.0000000e-01
   1.0000000e-01
   1.0000000e-01
   1.0000000e-01
   1.0000000e-01
   1.0000000e-01
   1.0000000e-01
   1.0000000e-01
   1.0000000e-01
   1.0000000e-01
   1.0000000e-01
   1.0000000e-01
   1.0000000e-01
   1.0000000e-01
   1.0000000e-01
   1.0000000e-01
   1.0000000e-01
   1.0000000e-01
   1.0000000e-01
   1.0000000e-01
   1.0000000e-01
   1.0000000e-01
   1.0000000e-01
   1.0000000e-01
   1.0000000e-01
   1.0000000e-01
   1.0000000e-01
   1.0000000e-01
   1.0000000e-01
   1.0000000e-01
   1.0000000e-01
   1.0000000e-01
   1.0000000e-01
   1.0000000e-01
   1.0000000e-01
   1.0000000e-01
   1.0000000e-01
   1.0000000e-01
   1.0000000e-01
   1.0000000e-01
   1.0000000e-01
   1.0000000e-01
   1.0000000e-01
   1.0000000e-01
   1.0000000e-01
   1.0000000e-01
   1.0000000e-01
   1.0000000e-01
   1.0000000e-01
   1.0000000e-01
   1.0000000e-01
   1.0000000e-01
   1.0000000e-01
   1.0000000e-01
   1.0000000e-01
   1.0000000e-01
   1.0000000e-01
   1.0000000e-01
   1.0000000e-01
   1.0000000e-01
   1.0000000e-01
   1.0000000e-01
   1.0000000e-01
   1.0000000e-01
   1.0000000e-01
   1.0000000e-01
   1.0000000e-01
   1.0000000e-01
   1.0000000e-01
   1.0000000e-01
   1.0000000e-01
   1.0000000e-01
   1.0000000e-01
   1.0000000e-01
   1.0000000e-01
   1.0000000e-01
   1.0000000e-01
   1.0000000e-01
   1.0000000e-01
   1.0000000e-01
   1.0000000e-01
   1.0000000e-01
   1.0000000e-01
   1.0000000e-01
   1.0000000e-01
   1.0000000e-01
   1.0000000e-01
   1.0000000e-01
   1.0000000e-01
   1.0000000e-01
   1.0000000e-01
   1.0000000e-01
   1.0000000e-01
   1.0000000e-01
   1.0000000e-01
   1.0000000e-01
   1.0000000e-01
   1.0000000e-01
   1.0000000e-01
   1.0000000e-01
   1.0000000e-01
   1.0000000e-01
   1.0000000e-01
   1.0000000e-01
   1.0000000e-01
   1.0000000e-01
   1.0000000e-01
   1.0000000e-01
   1.0000000e-01
   1.0000000e-01
   1.0000000e-01
   1.0000000e-01
   1.0000000e-01
   1.0000000e-01
   1.0000000e-01
   1.0000000e-01
   1.0000000e-01
   1.0000000e-01
   1.0000000e-01
   1.0000000e-01
   1.0000000e-01
   1.0000000e-01
   1.0000000e-01
   1.0000000e-01
   1.0000000e-01
   1.0000000e-01
   1.0000000e-01
   1.0000000e-01
   1.0000000e-01
   1.0000000e-01
   1.0000000e-01
   1.0000000e-01
   1.0000000e-01
   1.0000000e-01
   1.0000000e-01
   1.0000000e-01
   1.0000000e-01
   1.0000000e-01
   1.0000000e-01
   1.0000000e-01
   1.0000000e-01
   1.0000000e-01
   1.0000000e-01
   1.0000000e-01
   1.0000000e-01
   1.0000000e-01
   1.0000000e-01
   1.0000000e-01
   1.0000000e-01
   1.0000000e-01
   1.0000000e-01
   1.0000000e-01
   1.0000000e-01
   1.0000000e-01
   1.0000000e-01
   1.0000000e-01
   1.0000000e-01
   1.0000000e-01
   1.0000000e-01
   1.0000000e-01
   1.0000000e-01
   1.0000000e-01
   1.0000000e-01
   1.0000000e-01
   1.0000000e-01
   1.0000000e-01
   1.0000000e-01
   1.0000000e-01
   1.0000000e-01
   1.0000000e-01
   1.0000000e-01
   1.0000000e-01
   1.0000000e-01
   1.0000000e-01
   1.0000000e-01
   1.0000000e-01
   1.0000000e-01
   1.0000000e-01
   1.0000000e-01
   1.0000000e-01
   1.0000000e-01
   1.0000000e-01
   1.0000000e-01
   1.0000000e-01
   1.0000000e-01
   1.0000000e-01
   1.0000000e-01
   1.0000000e-01
   1.0000000e-01
   1.0000000e-01
   1.0000000e-01
   1.0000000e-01
   1.0000000e-01
   1.0000000e-01
   1.0000000e-01
   1.0000000e-01
   1.0000000e-01
   1.0000000e-01
   1.0000000e-01
   1.0000000e-01
   1.0000000e-01
   1.0000000e-01
   1.0000000e-01
   1.0000000e-01
   1.0000000e-01
   1.0000000e-01
   1.0000000e-01
   1.0000000e-01
   1.0000000e-01
   1.0000000e-01
   1.0000000e-01
   1.0000000e-01
   1.0000000e-01
   1.0000000e-01
   1.0000000e-01
   1.0000000e-01
   1.0000000e-01
   1.0000000e-01
   1.0000000e-01
   1.0000000e-01
   1.0000000e-01
   1.0000000e-01
   1.0000000e-01
   1.0000000e-01
   1.0000000e-01
   1.0000000e-01
   1.0000000e-01
   1.0000000e-01
   1.0000000e-01
   1.0000000e-01
   1.0000000e-01
   1.0000000e-01
   1.0000000e-01
   1.0000000e-01
   1.0000000e-01
   1.0000000e-01
   1.0000000e-01
   1.0000000e-01
   1.0000000e-01
   1.0000000e-01
   1.0000000e-01
   1.0000000e-01
   1.0000000e-01
   1.0000000e-01
   1.0000000e-01
   1.0000000e-01
   1.0000000e-01
   1.0000000e-01
   1.0000000e-01
   1.0000000e-01
   1.0000000e-01
   1.0000000e-01
   1.0000000e-01
   1.0000000e-01
   1.0000000e-01
   1.0000000e-01
   1.0000000e-01
   1.0000000e-01
   1.0000000e-01
   1.0000000e-01
   1.0000000e-01
   1.0000000e-01
   1.0000000e-01
   1.0000000e-01
   1.0000000e-01
   1.0000000e-01
   1.0000000e-01
   1.0000000e-01
   1.0000000e-01
   1.0000000e-01
   1.0000000e-01
   1.0000000e-01
   1.0000000e-01
   1.0000000e-01
   1.0000000e-01
   1.0000000e-01
   1.0000000e-01
   1.0000000e-01
   1.0000000e-01
   1.0000000e-01
   1.0000000e-01
   1.0000000e-01
   1.0000000e-01
   1.0000000e-01
   1.0000000e-01
   1.0000000e-01
   1.0000000e-01
   1.0000000e-01
   1.0000000e-01
   1.0000000e-01
   1.0000000e-01
   1.0000000e-01
   1.0000000e-01
   1.0000000e-01
   1.0000000e-01
   1.0000000e-01
   1.0000000e-01
   1.0000000e-01
   1.0000000e-01
   1.0000000e-01
   1.0000000e-01
   1.0000000e-01
   1.0000000e-01
   1.0000000e-01
   1.0000000e-01
   1.0000000e-01
   1.0000000e-01
   1.0000000e-01
   1.0000000e-01
   1.0000000e-01
   1.0000000e-01
   1.0000000e-01
   1.0000000e-01
   1.0000000e-01
   1.0000000e-01
   1.0000000e-01
   1.0000000e-01
   1.0000000e-01
   1.0000000e-01
   1.0000000e-01
   1.0000000e-01
   1.0000000e-01
   1.0000000e-01
   1.0000000e-01
   1.0000000e-01
   1.0000000e-01
   1.0000000e-01
   1.0000000e-01
   1.0000000e-01
   1.0000000e-01
   1.0000000e-01
   1.0000000e-01
   1.0000000e-01
   1.0000000e-01
   1.0000000e-01
   1.0000000e-01
   1.0000000e-01
   1.0000000e-01
   1.0000000e-01
   1.0000000e-01
   1.0000000e-01
   1.0000000e-01
   1.0000000e-01
   1.0000000e-01
   1.0000000e-01
   1.0000000e-01
   1.0000000e-01
   1.0000000e-01
   1.0000000e-01
   1.0000000e-01
   1.0000000e-01
   1.0000000e-01
   1.0000000e-01
   1.0000000e-01
   1.0000000e-01
   1.0000000e-01
   1.0000000e-01
   1.0000000e-01
   1.0000000e-01
   1.0000000e-01
   1.0000000e-01
   1.0000000e-01
   1.0000000e-01
   1.0000000e-01
   1.0000000e-01
   1.0000000e-01
   1.0000000e-01
   1.0000000e-01
   1.0000000e-01
   1.0000000e-01
   1.0000000e-01
   1.0000000e-01
   1.0000000e-01
   1.0000000e-01
   1.0000000e-01
   1.0000000e-01
   1.0000000e-01
   1.0000000e-01
   1.0000000e-01
   1.0000000e-01
   1.0000000e-01
   1.0000000e-01
   1.0000000e-01
   1.0000000e-01
   1.0000000e-01
   1.0000000e-01
   1.0000000e-01
   1.0000000e-01
   1.0000000e-01
   1.0000000e-01
   1.0000000e-01
   1.0000000e-01
   1.0000000e-01
   1.0000000e-01
   1.0000000e-01
   1.0000000e-01
   1.0000000e-01
   1.0000000e-01
   1.0000000e-01
   1.0000000e-01
   1.0000000e-01
   1.0000000e-01
   1.0000000e-01
   1.0000000e-01
   1.0000000e-01
   1.0000000e-01
   1.0000000e-01
   1.0000000e-01
   1.0000000e-01
   1.0000000e-01
   1.0000000e-01
   1.0000000e-01
   1.0000000e-01
   1.0000000e-01
   1.0000000e-01
   1.0000000e-01
   1.0000000e-01
   1.0000000e-01
   1.0000000e-01
   1.0000000e-01
   1.0000000e-01
   1.0000000e-01
   1.0000000e-01
   1.0000000e-01
   1.0000000e-01
   1.0000000e-01
   1.0000000e-01
   1.0000000e-01
   1.0000000e-01
   1.0000000e-01
   1.0000000e-01
   1.0000000e-01
   1.0000000e-01
   1.0000000e-01
   1.0000000e-01
   1.0000000e-01
   1.0000000e-01
   1.0000000e-01
   1.0000000e-01
   1.0000000e-01
   1.0000000e-01
   1.0000000e-01
   1.0000000e-01
   1.0000000e-01
   1.0000000e-01
   1.0000000e-01
   1.0000000e-01
   1.0000000e-01
   1.0000000e-01
   1.0000000e-01
   1.0000000e-01
   1.0000000e-01
   1.0000000e-01
   1.0000000e-01
   1.0000000e-01
   1.0000000e-01
   1.0000000e-01
   1.0000000e-01
   1.0000000e-01
   1.0000000e-01
   1.0000000e-01
   1.0000000e-01
   1.0000000e-01
   1.0000000e-01
   1.0000000e-01
   1.0000000e-01
   1.0000000e-01
   1.0000000e-01
   1.0000000e-01
   1.0000000e-01
   1.0000000e-01
   1.0000000e-01
   1.0000000e-01
   1.0000000e-01
   1.0000000e-01
   1.0000000e-01
   1.0000000e-01
   1.0000000e-01
   1.0000000e-01
   1.0000000e-01
   1.0000000e-01
   1.0000000e-01
   1.0000000e-01
   1.0000000e-01
   1.0000000e-01
   1.0000000e-01
   1.0000000e-01
   1.0000000e-01
   1.0000000e-01
   1.0000000e-01
   1.0000000e-01
   1.0000000e-01
   1.0000000e-01
   1.0000000e-01
   1.0000000e-01
   1.0000000e-01
   1.0000000e-01
   1.0000000e-01
   1.0000000e-01
   1.0000000e-01
   1.0000000e-01
   1.0000000e-01
   1.0000000e-01
   1.0000000e-01
   1.0000000e-01
   1.0000000e-01
   1.0000000e-01
   1.0000000e-01
   1.0000000e-01
   1.0000000e-01
   1.0000000e-01
   1.0000000e-01
   1.0000000e-01
   1.0000000e-01
   1.0000000e-01
   1.0000000e-01
   1.0000000e-01
   1.0000000e-01
   1.0000000e-01
   1.0000000e-01
   1.0000000e-01
   1.0000000e-01
   1.0000000e-01
   1.0000000e-01
   1.0000000e-01
   1.0000000e-01
   1.0000000e-01
   1.0000000e-01
   1.0000000e-01
   1.0000000e-01
   1.0000000e-01
   1.0000000e-01
   1.0000000e-01
   1.0000000e-01
   1.0000000e-01
   1.0000000e-01
   1.0000000e-01
   1.0000000e-01
   1.0000000e-01
   1.0000000e-01
   1.0000000e-01
   1.0000000e-01
   1.0000000e-01
   1.0000000e-01
   1.0000000e-01
   1.0000000e-01
   1.0000000e-01
   1.0000000e-01
   1.0000000e-01
   1.0000000e-01
   1.0000000e-01
   1.0000000e-01
   1.0000000e-01
   1.0000000e-01
   1.0000000e-01
   1.0000000e-01
   1.0000000e-01
   1.0000000e-01
   1.0000000e-01
   1.0000000e-01
   1.0000000e-01
   1.0000000e-01
   1.0000000e-01
   1.0000000e-01
   1.0000000e-01
   1.0000000e-01
   1.0000000e-01
   1.0000000e-01
   1.0000000e-01
   1.0000000e-01
   1.0000000e-01
   1.0000000e-01
   1.0000000e-01
   1.0000000e-01
   1.0000000e-01
   1.0000000e-01
   1.0000000e-01
   1.0000000e-01
   1.0000000e-01
   1.0000000e-01
   1.0000000e-01
   1.0000000e-01
   1.0000000e-01
   1.0000000e-01
   1.0000000e-01
   1.0000000e-01
   1.0000000e-01
   1.0000000e-01
   1.0000000e-01
   1.0000000e-01
   1.0000000e-01
   1.0000000e-01
   1.0000000e-01
   1.0000000e-01
   1.0000000e-01
   1.0000000e-01
   1.0000000e-01
   1.0000000e-01
   1.0000000e-01
   1.0000000e-01
   1.0000000e-01
   1.0000000e-01
   1.0000000e-01
   1.0000000e-01
   1.0000000e-01
   1.0000000e-01
   1.0000000e-01
   1.0000000e-01
   1.0000000e-01
   1.0000000e-01
   1.0000000e-01
   1.0000000e-01
   1.0000000e-01
   1.0000000e-01
   1.0000000e-01
   1.0000000e-01
   1.0000000e-01
   1.0000000e-01
   1.0000000e-01
   1.0000000e-01
   1.0000000e-01
   1.0000000e-01
   1.0000000e-01
   1.0000000e-01
   1.0000000e-01
   1.0000000e-01
   1.0000000e-01
   1.0000000e-01
   1.0000000e-01
   1.0000000e-01
   1.0000000e-01
   1.0000000e-01
   1.0000000e-01
   1.0000000e-01
   1.0000000e-01
   1.0000000e-01
   1.0000000e-01
   1.0000000e-01
   1.0000000e-01
   1.0000000e-01
   1.0000000e-01
   1.0000000e-01
   1.0000000e-01
   1.0000000e-01
   1.0000000e-01
   1.0000000e-01
   1.0000000e-01
   1.0000000e-01
   1.0000000e-01
   1.0000000e-01
   1.0000000e-01
   1.0000000e-01
   1.0000000e-01
   1.0000000e-01
   1.0000000e-01
   1.0000000e-01
   1.0000000e-01
   1.0000000e-01
   1.0000000e-01
   1.0000000e-01
   1.0000000e-01
   1.0000000e-01
   1.0000000e-01
   1.0000000e-01
   1.0000000e-01
   1.0000000e-01
   1.0000000e-01
   1.0000000e-01
   1.0000000e-01
   1.0000000e-01
   1.0000000e-01
   1.0000000e-01
   1.0000000e-01
   1.0000000e-01
   1.0000000e-01
   1.0000000e-01
   1.0000000e-01
   1.0000000e-01
   1.0000000e-01
   1.0000000e-01
   1.0000000e-01
   1.0000000e-01
   1.0000000e-01
   1.0000000e-01
   1.0000000e-01
   1.0000000e-01
   1.0000000e-01
   1.0000000e-01
   1.0000000e-01
   1.0000000e-01
   1.0000000e-01
   1.0000000e-01
   1.0000000e-01
   1.0000000e-01
   1.0000000e-01
   1.0000000e-01
   1.0000000e-01
   1.0000000e-01
   1.0000000e-01
   1.0000000e-01
   1.0000000e-01
   1.0000000e-01
   1.0000000e-01
   1.0000000e-01
   1.0000000e-01
   1.0000000e-01
   1.0000000e-01
   1.0000000e-01
   1.0000000e-01
   1.0000000e-01
   1.0000000e-01
   1.0000000e-01
   1.0000000e-01
   1.0000000e-01
   1.0000000e-01
   1.0000000e-01
   1.0000000e-01
   1.0000000e-01
   1.0000000e-01
   1.0000000e-01
   1.0000000e-01
   1.0000000e-01
   1.0000000e-01
   1.0000000e-01
   1.0000000e-01
   1.0000000e-01
   1.0000000e-01
   1.0000000e-01
   1.0000000e-01
   1.0000000e-01
   1.0000000e-01
   1.0000000e-01
   1.0000000e-01
   1.0000000e-01
   1.0000000e-01
   1.0000000e-01
   1.0000000e-01
   1.0000000e-01
   1.0000000e-01
   1.0000000e-01
   1.0000000e-01
   1.0000000e-01
   1.0000000e-01
   1.0000000e-01
   1.0000000e-01
   1.0000000e-01
   1.0000000e-01
   1.0000000e-01
   1.0000000e-01
   1.0000000e-01
   1.0000000e-01
   1.0000000e-01
   1.0000000e-01
   1.0000000e-01
   1.0000000e-01
   1.0000000e-01
   1.0000000e-01
   1.0000000e-01
   1.0000000e-01
   1.0000000e-01
   1.0000000e-01
   1.0000000e-01
   1.0000000e-01
   1.0000000e-01
   1.0000000e-01
   1.0000000e-01
   1.0000000e-01
   1.0000000e-01
   1.0000000e-01
   1.0000000e-01
   1.0000000e-01
   1.0000000e-01
   1.0000000e-01
   1.0000000e-01
   1.0000000e-01
   1.0000000e-01
   1.0000000e-01
   1.0000000e-01
   1.0000000e-01
   1.0000000e-01
   1.0000000e-01
   1.0000000e-01
   1.0000000e-01
   1.0000000e-01
   1.0000000e-01
   1.0000000e-01
   1.0000000e-01
   1.0000000e-01
   1.0000000e-01
   1.0000000e-01
   1.0000000e-01
   1.0000000e-01
   1.0000000e-01
   1.0000000e-01
   1.0000000e-01
   1.0000000e-01
   1.0000000e-01
   1.0000000e-01
   1.0000000e-01
   1.0000000e-01
   1.0000000e-01
   1.0000000e-01
   1.0000000e-01
   1.0000000e-01
   1.0000000e-01
   1.0000000e-01
   1.0000000e-01
   1.0000000e-01
   1.0000000e-01
   1.0000000e-01
   1.0000000e-01
   1.0000000e-01
   1.0000000e-01
   1.0000000e-01
   1.0000000e-01
   1.0000000e-01
   1.0000000e-01
   1.0000000e-01
   1.0000000e-01
   1.0000000e-01
   1.0000000e-01
   1.0000000e-01
   1.0000000e-01
   1.0000000e-01
   1.0000000e-01
   1.0000000e-01
   1.0000000e-01
   1.0000000e-01
   1.0000000e-01
   1.0000000e-01
   1.0000000e-01
   1.0000000e-01
   1.0000000e-01
   1.0000000e-01
   1.0000000e-01
   1.0000000e-01
   1.0000000e-01
   1.0000000e-01
   1.0000000e-01
   1.0000000e-01
   1.0000000e-01
   1.0000000e-01
   1.0000000e-01
   1.0000000e-01
   1.0000000e-01
   1.0000000e-01
   1.0000000e-01
   1.0000000e-01
   1.0000000e-01
   1.0000000e-01
   1.0000000e-01
   1.0000000e-01
   1.0000000e-01
   1.0000000e-01
   1.0000000e-01
   1.0000000e-01
   1.0000000e-01
   1.0000000e-01
   1.0000000e-01
   1.0000000e-01
   1.0000000e-01
   1.0000000e-01
   1.0000000e-01
   1.0000000e-01
   1.0000000e-01
   1.0000000e-01
   1.0000000e-01
   1.0000000e-01
   1.0000000e-01
   1.0000000e-01
   1.0000000e-01
   1.0000000e-01
   1.0000000e-01
   1.0000000e-01
   1.0000000e-01
   1.0000000e-01
   1.0000000e-01
   1.0000000e-01
   1.0000000e-01
   1.0000000e-01
   1.0000000e-01
   1.0000000e-01
   1.0000000e-01
   1.0000000e-01
   1.0000000e-01
   1.0000000e-01
   1.0000000e-01
   1.0000000e-01
   1.0000000e-01
   1.0000000e-01
   1.0000000e-01
   1.0000000e-01
   1.0000000e-01
   1.0000000e-01
   1.0000000e-01
   1.0000000e-01
   1.0000000e-01
   1.0000000e-01
   1.0000000e-01
   1.0000000e-01
   1.0000000e-01
   1.0000000e-01
   1.0000000e-01
   1.0000000e-01
   1.0000000e-01
   1.0000000e-01
   1.0000000e-01
   1.0000000e-01
   1.0000000e-01
   1.0000000e-01
   1.0000000e-01
   1.0000000e-01
   1.0000000e-01
   1.0000000e-01
   1.0000000e-01
   1.0000000e-01
   1.0000000e-01
   1.0000000e-01
   1.0000000e-01
   1.0000000e-01
   1.0000000e-01
   1.0000000e-01
   1.0000000e-01
   1.0000000e-01
   1.0000000e-01
   1.0000000e-01
   1.0000000e-01
   1.0000000e-01
   1.0000000e-01
   1.0000000e-01
   1.0000000e-01
   1.0000000e-01
   1.0000000e-01
   1.0000000e-01
   1.0000000e-01
   1.0000000e-01
   1.0000000e-01
   1.0000000e-01
   1.0000000e-01
   1.0000000e-01
   1.0000000e-01
   1.0000000e-01
   1.0000000e-01
   1.0000000e-01
   1.0000000e-01
   1.0000000e-01
   1.0000000e-01
   1.0000000e-01
   1.0000000e-01
   1.0000000e-01
   1.0000000e-01
   1.0000000e-01
   1.0000000e-01
   1.0000000e-01
   1.0000000e-01
   1.0000000e-01
   1.0000000e-01
   1.0000000e-01
   1.0000000e-01
   1.0000000e-01
   1.0000000e-01
   1.0000000e-01
   1.0000000e-01
   1.0000000e-01
   1.0000000e-01
   1.0000000e-01
   1.0000000e-01
   1.0000000e-01
   1.0000000e-01
   1.0000000e-01
   1.0000000e-01
   1.0000000e-01
   1.0000000e-01
   1.0000000e-01
   1.0000000e-01
   1.0000000e-01
   1.0000000e-01
   1.0000000e-01
   1.0000000e-01
   1.0000000e-01
   1.0000000e-01
   1.0000000e-01
   1.0000000e-01
   1.0000000e-01
   1.0000000e-01
   1.0000000e-01
   1.0000000e-01
   1.0000000e-01
   1.0000000e-01
   1.0000000e-01
   1.0000000e-01
   1.0000000e-01
   1.0000000e-01
   1.0000000e-01
   1.0000000e-01
   1.0000000e-01
   1.0000000e-01
   1.0000000e-01
   1.0000000e-01
   1.0000000e-01
   1.0000000e-01
   1.0000000e-01
   1.0000000e-01
   1.0000000e-01
   1.0000000e-01
   1.0000000e-01
   1.0000000e-01
   1.0000000e-01
   1.0000000e-01
   1.0000000e-01
   1.0000000e-01
   1.0000000e-01
   1.0000000e-01
   1.0000000e-01
   1.0000000e-01
   1.0000000e-01
   1.0000000e-01
   1.0000000e-01
   1.0000000e-01
   1.0000000e-01
   1.0000000e-01
   1.0000000e-01
   1.0000000e-01
   1.0000000e-01
   1.0000000e-01
   1.0000000e-01
   1.0000000e-01
   1.0000000e-01
   1.0000000e-01
   1.0000000e-01
   1.0000000e-01
   1.0000000e-01
   1.0000000e-01
   1.0000000e-01
   1.0000000e-01
   1.0000000e-01
   1.0000000e-01
   1.0000000e-01
   1.0000000e-01
   1.0000000e-01
   1.0000000e-01
   1.0000000e-01
   1.0000000e-01
   1.0000000e-01
   1.0000000e-01
   1.0000000e-01
   1.0000000e-01
   1.0000000e-01
   1.0000000e-01
   1.0000000e-01
   1.0000000e-01
   1.0000000e-01
   1.0000000e-01
   1.0000000e-01
   1.0000000e-01
   1.0000000e-01
   1.0000000e-01
   1.0000000e-01
   1.0000000e-01
   1.0000000e-01
   1.0000000e-01
   1.0000000e-01
   1.0000000e-01
   1.0000000e-01
   1.0000000e-01
   1.0000000e-01
   1.0000000e-01
   1.0000000e-01
   1.0000000e-01
   1.0000000e-01
   1.0000000e-01
   1.0000000e-01
   1.0000000e-01
   1.0000000e-01
   1.0000000e-01
   1.0000000e-01
   1.0000000e-01
   1.0000000e-01
   1.0000000e-01
   1.0000000e-01
   1.0000000e-01
   1.0000000e-01
   1.0000000e-01
   1.0000000e-01
   1.0000000e-01
   1.0000000e-01
   1.0000000e-01
   1.0000000e-01
   1.0000000e-01
   1.0000000e-01
   1.0000000e-01
   1.0000000e-01
   1.0000000e-01
   1.0000000e-01
   1.0000000e-01
   1.0000000e-01
   1.0000000e-01
   1.0000000e-01
   1.0000000e-01
   1.0000000e-01
   1.0000000e-01
   1.0000000e-01
   1.0000000e-01
   1.0000000e-01
   1.0000000e-01
   1.0000000e-01
   1.0000000e-01
   1.0000000e-01
   1.0000000e-01
   1.0000000e-01
   1.0000000e-01
   1.0000000e-01
   1.0000000e-01
   1.0000000e-01
   1.0000000e-01
   1.0000000e-01
   1.0000000e-01
   1.0000000e-01
   1.0000000e-01
   1.0000000e-01
   1.0000000e-01
   1.0000000e-01
   1.0000000e-01
   1.0000000e-01
   1.0000000e-01
   1.0000000e-01
   1.0000000e-01
   1.0000000e-01
   1.0000000e-01
   1.0000000e-01
   1.0000000e-01
   1.0000000e-01
   1.0000000e-01
   1.0000000e-01
   1.0000000e-01
   1.0000000e-01
   1.0000000e-01
   1.0000000e-01
   1.0000000e-01
   1.0000000e-01
   1.0000000e-01
   1.0000000e-01
   1.0000000e-01
   1.0000000e-01
   1.0000000e-01
   1.0000000e-01
   1.0000000e-01
   1.0000000e-01
   1.0000000e-01
   1.0000000e-01
   1.0000000e-01
   1.0000000e-01
   1.0000000e-01
   1.0000000e-01
   1.0000000e-01
   1.0000000e-01
   1.0000000e-01
   1.0000000e-01
   1.0000000e-01
   1.0000000e-01
   1.0000000e-01
   1.0000000e-01
   1.0000000e-01
   1.0000000e-01
   1.0000000e-01
   1.0000000e-01
   1.0000000e-01
   1.0000000e-01
   1.0000000e-01
   1.0000000e-01
   1.0000000e-01
   1.0000000e-01
   1.0000000e-01
   1.0000000e-01
   1.0000000e-01
   1.0000000e-01
   1.0000000e-01
   1.0000000e-01
   1.0000000e-01
   1.0000000e-01
   1.0000000e-01
   1.0000000e-01
   1.0000000e-01
   1.0000000e-01
   1.0000000e-01
   1.0000000e-01
   1.0000000e-01
   1.0000000e-01
   1.0000000e-01
   1.0000000e-01
   1.0000000e-01
   1.0000000e-01
   1.0000000e-01
   1.0000000e-01
   1.0000000e-01
   1.0000000e-01
   1.0000000e-01
   1.0000000e-01
   1.0000000e-01
   1.0000000e-01
   1.0000000e-01
   1.0000000e-01
   1.0000000e-01
   1.0000000e-01
   1.0000000e-01
   1.0000000e-01
   1.0000000e-01
   1.0000000e-01
   1.0000000e-01
   1.0000000e-01
   1.0000000e-01
   1.0000000e-01
   1.0000000e-01
   1.0000000e-01
   1.0000000e-01
   1.0000000e-01
   1.0000000e-01
   1.0000000e-01
   1.0000000e-01
   1.0000000e-01
   1.0000000e-01
   1.0000000e-01
   1.0000000e-01
   1.0000000e-01
   1.0000000e-01
   1.0000000e-01
   1.0000000e-01
   1.0000000e-01
   1.0000000e-01
   1.0000000e-01
   1.0000000e-01
   1.0000000e-01
   1.0000000e-01
   1.0000000e-01
   1.0000000e-01
   1.0000000e-01
   1.0000000e-01
   1.0000000e-01
   1.0000000e-01
   1.0000000e-01
   1.0000000e-01
   1.0000000e-01
   1.0000000e-01
   1.0000000e-01
   1.0000000e-01
   1.0000000e-01
   1.0000000e-01
   1.0000000e-01
   1.0000000e-01
   1.0000000e-01
   1.0000000e-01
   1.0000000e-01
   1.0000000e-01
   1.0000000e-01
   1.0000000e-01
   1.0000000e-01
   1.0000000e-01
   1.0000000e-01
   1.0000000e-01
   1.0000000e-01
   1.0000000e-01
   1.0000000e-01
   1.0000000e-01
   1.0000000e-01
   1.0000000e-01
   1.0000000e-01
   1.0000000e-01
   1.0000000e-01
   1.0000000e-01
   1.0000000e-01
   1.0000000e-01
   1.0000000e-01
   1.0000000e-01
   1.0000000e-01
   1.0000000e-01
   1.0000000e-01
   1.0000000e-01
   1.0000000e-01
   1.0000000e-01
   1.0000000e-01
   1.0000000e-01
   1.0000000e-01
   1.0000000e-01
   1.0000000e-01
   1.0000000e-01
   1.0000000e-01
   1.0000000e-01
   1.0000000e-01
   1.0000000e-01
   1.0000000e-01
   1.0000000e-01
   1.0000000e-01
   1.0000000e-01
   1.0000000e-01
   1.0000000e-01
   1.0000000e-01
   1.0000000e-01
   1.0000000e-01
   1.0000000e-01
   1.0000000e-01
   1.0000000e-01
   1.0000000e-01
   1.0000000e-01
   1.0000000e-01
   1.0000000e-01
   1.0000000e-01
   1.0000000e-01
   1.0000000e-01
   1.0000000e-01
   1.0000000e-01
   1.0000000e-01
   1.0000000e-01
   1.0000000e-01
   1.0000000e-01
   1.0000000e-01
   1.0000000e-01
   1.0000000e-01
   1.0000000e-01
   1.0000000e-01
   1.0000000e-01
   1.0000000e-01
   1.0000000e-01
   1.0000000e-01
   1.0000000e-01
   1.0000000e-01
   1.0000000e-01
   1.0000000e-01
   1.0000000e-01
   1.0000000e-01
   1.0000000e-01
   1.0000000e-01
   1.0000000e-01
   1.0000000e-01
   1.0000000e-01
   1.0000000e-01
   1.0000000e-01
   1.0000000e-01
   1.0000000e-01
   1.0000000e-01
   1.0000000e-01
   1.0000000e-01
   1.0000000e-01
   1.0000000e-01
   1.0000000e-01
   1.0000000e-01
   1.0000000e-01
   1.0000000e-01
   1.0000000e-01
   1.0000000e-01
   1.0000000e-01
   1.0000000e-01
   1.0000000e-01
   1.0000000e-01
   1.0000000e-01
   1.0000000e-01
   1.0000000e-01
   1.0000000e-01
   1.0000000e-01
   1.0000000e-01
   1.0000000e-01
   1.0000000e-01
   1.0000000e-01
   1.0000000e-01
   1.0000000e-01
   1.0000000e-01
   1.0000000e-01
   1.0000000e-01
   1.0000000e-01
   1.0000000e-01
   1.0000000e-01
   1.0000000e-01
   1.0000000e-01
   1.0000000e-01
   1.0000000e-01
   1.0000000e-01
   1.0000000e-01
   1.0000000e-01
   1.0000000e-01
   1.0000000e-01
   1.0000000e-01
   1.0000000e-01
   1.0000000e-01
   1.0000000e-01
   1.0000000e-01
   1.0000000e-01
   1.0000000e-01
   1.0000000e-01
   1.0000000e-01
   1.0000000e-01
   1.0000000e-01
   1.0000000e-01
   1.0000000e-01
   1.0000000e-01
   1.0000000e-01
   1.0000000e-01
   1.0000000e-01
   1.0000000e-01
   1.0000000e-01
   1.0000000e-01
   1.0000000e-01
   1.0000000e-01
   1.0000000e-01
   1.0000000e-01
   1.0000000e-01
   1.0000000e-01
   1.0000000e-01
   1.0000000e-01
   1.0000000e-01
   1.0000000e-01
   1.0000000e-01
   1.0000000e-01
   1.0000000e-01
   1.0000000e-01
   1.0000000e-01
   1.0000000e-01
   1.0000000e-01
   1.0000000e-01
   1.0000000e-01
   1.0000000e-01
   1.0000000e-01
   1.0000000e-01
   1.0000000e-01
   1.0000000e-01
   1.0000000e-01
   1.0000000e-01
   1.0000000e-01
   1.0000000e-01
   1.0000000e-01
   1.0000000e-01
   1.0000000e-01
   1.0000000e-01
   1.0000000e-01
   1.0000000e-01
   1.0000000e-01
   1.0000000e-01
   1.0000000e-01
   1.0000000e-01
   1.0000000e-01
   1.0000000e-01
   1.0000000e-01
   1.0000000e-01
   1.0000000e-01
   1.0000000e-01
   1.0000000e-01
   1.0000000e-01
   1.0000000e-01
   1.0000000e-01
   1.0000000e-01
   1.0000000e-01
   1.0000000e-01
   1.0000000e-01
   1.0000000e-01
   1.0000000e-01
   1.0000000e-01
   1.0000000e-01
   1.0000000e-01
   1.0000000e-01
   1.0000000e-01
   1.0000000e-01
   1.0000000e-01
   1.0000000e-01
   1.0000000e-01
   1.0000000e-01
   1.0000000e-01
   1.0000000e-01
   1.0000000e-01
   1.0000000e-01
   1.0000000e-01
   1.0000000e-01
   1.0000000e-01
   1.0000000e-01
   1.0000000e-01
   1.0000000e-01
   1.0000000e-01
   1.0000000e-01
   1.0000000e-01
   1.0000000e-01
   1.0000000e-01
   1.0000000e-01
   1.0000000e-01
   1.0000000e-01
   1.0000000e-01
   1.0000000e-01
   1.0000000e-01
   1.0000000e-01
   1.0000000e-01
   1.0000000e-01
   1.0000000e-01
   1.0000000e-01
   1.0000000e-01
   1.0000000e-01
   1.0000000e-01
   1.0000000e-01
   1.0000000e-01
   1.0000000e-01
   1.0000000e-01
   1.0000000e-01
   1.0000000e-01
   1.0000000e-01
   1.0000000e-01
   1.0000000e-01
   1.0000000e-01
   1.0000000e-01
   1.0000000e-01
   1.0000000e-01
   1.0000000e-01
   1.0000000e-01
   1.0000000e-01
   1.0000000e-01
   1.0000000e-01
   1.0000000e-01
   1.0000000e-01
   1.0000000e-01
   1.0000000e-01
   1.0000000e-01
   1.0000000e-01
   1.0000000e-01
   1.0000000e-01
   1.0000000e-01
   1.0000000e-01
   1.0000000e-01
   1.0000000e-01
   1.0000000e-01
   1.0000000e-01
   1.0000000e-01
   1.0000000e-01
   1.0000000e-01
   1.0000000e-01
   1.0000000e-01
   1.0000000e-01
   1.0000000e-01
   1.0000000e-01
   1.0000000e-01
   1.0000000e-01
   1.0000000e-01
   1.0000000e-01
   1.0000000e-01
   1.0000000e-01
   1.0000000e-01
   1.0000000e-01
   1.0000000e-01
   1.0000000e-01
   1.0000000e-01
   1.0000000e-01
   1.0000000e-01
   1.0000000e-01
   1.0000000e-01
   1.0000000e-01
   1.0000000e-01
   1.0000000e-01
   1.0000000e-01
   1.0000000e-01
   1.0000000e-01
   1.0000000e-01
   1.0000000e-01
   1.0000000e-01
   1.0000000e-01
   1.0000000e-01
   1.0000000e-01
   1.0000000e-01
   1.0000000e-01
   1.0000000e-01
   1.0000000e-01
   1.0000000e-01
   1.0000000e-01
   1.0000000e-01
   1.0000000e-01
   1.0000000e-01
   1.0000000e-01
   1.0000000e-01
   1.0000000e-01
   1.0000000e-01
   1.0000000e-01
   1.0000000e-01
   1.0000000e-01
   1.0000000e-01
   1.0000000e-01
   1.0000000e-01
   1.0000000e-01
   1.0000000e-01
   1.0000000e-01
   1.0000000e-01
   1.0000000e-01
   1.0000000e-01
   1.0000000e-01
   1.0000000e-01
   1.0000000e-01
   1.0000000e-01
   1.0000000e-01
   1.0000000e-01
   1.0000000e-01
   1.0000000e-01
   1.0000000e-01
   1.0000000e-01
   1.0000000e-01
   1.0000000e-01
   1.0000000e-01
   1.0000000e-01
   1.0000000e-01
   1.0000000e-01
   1.0000000e-01
   1.0000000e-01
   1.0000000e-01
   1.0000000e-01
   1.0000000e-01
   1.0000000e-01
   1.0000000e-01
   1.0000000e-01
   1.0000000e-01
   1.0000000e-01
   1.0000000e-01
   1.0000000e-01
   1.0000000e-01
   1.0000000e-01
   1.0000000e-01
   1.0000000e-01
   1.0000000e-01
   1.0000000e-01
   1.0000000e-01
   1.0000000e-01
   1.0000000e-01
   1.0000000e-01
   1.0000000e-01
   1.0000000e-01
   1.0000000e-01
   1.0000000e-01
   1.0000000e-01
   1.0000000e-01
   1.0000000e-01
   1.0000000e-01
   1.0000000e-01
   1.0000000e-01
   1.0000000e-01
   1.0000000e-01
   1.0000000e-01
   1.0000000e-01
   1.0000000e-01
   1.0000000e-01
   1.0000000e-01
   1.0000000e-01
   1.0000000e-01
   1.0000000e-01
   1.0000000e-01
   1.0000000e-01
   1.0000000e-01
   1.0000000e-01
   1.0000000e-01
   1.0000000e-01
   1.0000000e-01
   1.0000000e-01
   1.0000000e-01
   1.0000000e-01
   1.0000000e-01
   1.0000000e-01
   1.0000000e-01
   1.0000000e-01
   1.0000000e-01
   1.0000000e-01
   1.0000000e-01
   1.0000000e-01
   1.0000000e-01
   1.0000000e-01
   1.0000000e-01
   1.0000000e-01
   1.0000000e-01
   1.0000000e-01
   1.0000000e-01
   1.0000000e-01
   1.0000000e-01
   1.0000000e-01
   1.0000000e-01
   1.0000000e-01
   1.0000000e-01
   1.0000000e-01
   1.0000000e-01
   1.0000000e-01
   1.0000000e-01
   1.0000000e-01
   1.0000000e-01
   1.0000000e-01
   1.0000000e-01
   1.0000000e-01
   1.0000000e-01
   1.0000000e-01
   1.0000000e-01
   1.0000000e-01
   1.0000000e-01
   1.0000000e-01
   1.0000000e-01
   1.0000000e-01
   1.0000000e-01
   1.0000000e-01
   1.0000000e-01
   1.0000000e-01
   1.0000000e-01
   1.0000000e-01
   1.0000000e-01
   1.0000000e-01
   1.0000000e-01
   1.0000000e-01
   1.0000000e-01
   1.0000000e-01
   1.0000000e-01
   1.0000000e-01
   1.0000000e-01
   1.0000000e-01
   1.0000000e-01
   1.0000000e-01
   1.0000000e-01
   1.0000000e-01
   1.0000000e-01
   1.0000000e-01
   1.0000000e-01
   1.0000000e-01
   1.0000000e-01
   1.0000000e-01
   1.0000000e-01
   1.0000000e-01
   1.0000000e-01
   1.0000000e-01
   1.0000000e-01
   1.0000000e-01
   1.0000000e-01
   1.0000000e-01
   1.0000000e-01
   1.0000000e-01
   1.0000000e-01
   1.0000000e-01
   1.0000000e-01
   1.0000000e-01
   1.0000000e-01
   1.0000000e-01
   1.0000000e-01
   1.0000000e-01
   1.0000000e-01
   1.0000000e-01
   1.0000000e-01
   1.0000000e-01
   1.0000000e-01
   1.0000000e-01
   1.0000000e-01
   1.0000000e-01
   1.0000000e-01
   1.0000000e-01
   1.0000000e-01
   1.0000000e-01
   1.0000000e-01
   1.0000000e-01
   1.0000000e-01
   1.0000000e-01
   1.0000000e-01
   1.0000000e-01
   1.0000000e-01
   1.0000000e-01
   1.0000000e-01
   1.0000000e-01
   1.0000000e-01
   1.0000000e-01
   1.0000000e-01
   1.0000000e-01
   1.0000000e-01
   1.0000000e-01
   1.0000000e-01
   1.0000000e-01
   1.0000000e-01
   1.0000000e-01
   1.0000000e-01
   1.0000000e-01
   1.0000000e-01
   1.0000000e-01
   1.0000000e-01
   1.0000000e-01
   1.0000000e-01
   1.0000000e-01
   1.0000000e-01
   1.0000000e-01
   1.0000000e-01
   1.0000000e-01
   1.0000000e-01
   1.0000000e-01
   1.0000000e-01
   1.0000000e-01
   1.0000000e-01
   1.0000000e-01
   1.0000000e-01
   1.0000000e-01
   1.0000000e-01
   1.0000000e-01
   1.0000000e-01
   1.0000000e-01
   1.0000000e-01
   1.0000000e-01
   1.0000000e-01
   1.0000000e-01
   1.0000000e-01
   1.0000000e-01
   1.0000000e-01
   1.0000000e-01
   1.0000000e-01
   1.0000000e-01
   1.0000000e-01
   1.0000000e-01
   1.0000000e-01
   1.0000000e-01
   1.0000000e-01
   1.0000000e-01
   1.0000000e-01
   1.0000000e-01
   1.0000000e-01
   1.0000000e-01
   1.0000000e-01
   1.0000000e-01
   1.0000000e-01
   1.0000000e-01
   1.0000000e-01
   1.0000000e-01
   1.0000000e-01
   1.0000000e-01
   1.0000000e-01
   1.0000000e-01
   1.0000000e-01
   1.0000000e-01
   1.0000000e-01
   1.0000000e-01
   1.0000000e-01
   1.0000000e-01
   1.0000000e-01
   1.0000000e-01
   1.0000000e-01
   1.0000000e-01
   1.0000000e-01
   1.0000000e-01
   1.0000000e-01
   1.0000000e-01
   1.0000000e-01
   1.0000000e-01
   1.0000000e-01
   1.0000000e-01
   1.0000000e-01
   1.0000000e-01
   1.0000000e-01
   1.0000000e-01
   1.0000000e-01
   1.0000000e-01
   1.0000000e-01
   1.0000000e-01
   9.9893345e-02
   9.9034368e-02
   1.0017049e-01
   1.0860427e-01
   1.1336246e-01
   1.1352780e-01
   1.1250760e-01
   1.1089590e-01
   1.0863629e-01
   1.0758342e-01
   1.0986575e-01
   1.1335987e-01
   1.1557037e-01
   1.1637964e-01
   1.1639698e-01
   1.1470326e-01
   1.1091768e-01
   1.0634183e-01
   1.0187212e-01
   9.7668773e-02
   9.4184995e-02
   9.2446730e-02
   9.2708850e-02
   9.4239283e-02
   9.6046825e-02
   9.7831713e-02
   9.9714603e-02
   1.0167476e-01
   1.0291424e-01
   1.0294693e-01
   1.0231032e-01
   1.0161184e-01
   1.0082122e-01
   1.0003705e-01
   9.9577987e-02
   9.9484526e-02
   9.9472710e-02
   9.9393872e-02
   9.9511303e-02
   9.9843511e-02
   9.9991057e-02
   9.7984042e-02
   1.0007560e-01
   1.0484464e-01
   1.1424355e-01
   1.1911073e-01
   1.1871164e-01
   1.1590998e-01
   1.1084758e-01
   1.0466681e-01
   1.0175123e-01
   1.0420754e-01
   1.0876359e-01
   1.1217280e-01
   1.1465783e-01
   1.1696526e-01
   1.1796960e-01
   1.1659616e-01
   1.1282662e-01
   1.0720470e-01
   1.0099430e-01
   9.5272837e-02
   9.0724837e-02
   8.8356281e-02
   8.8527615e-02
   9.0025174e-02
   9.2035972e-02
   9.5001294e-02
   9.8661116e-02
   1.0150040e-01
   1.0264868e-01
   1.0262888e-01
   1.0215988e-01
   1.0138929e-01
   1.0039752e-01
   9.9583656e-02
   9.9184626e-02
   9.8923933e-02
   9.8690554e-02
   9.8829723e-02
   9.9367908e-02
   9.9841978e-02
   1.0293458e-01
   1.0765242e-01
   1.0837988e-01
   1.0781950e-01
   1.0524078e-01
   1.0120407e-01
   9.7044419e-02
   9.2774460e-02
   8.8729652e-02
   8.6735729e-02
   8.7715652e-02
   9.0053948e-02
   9.2033229e-02
   9.4076644e-02
   9.7286552e-02
   1.0135129e-01
   1.0499775e-01
   1.0716697e-01
   1.0744751e-01
   1.0603839e-01
   1.0331558e-01
   9.9869675e-02
   9.6750522e-02
   9.4707253e-02
   9.3631231e-02
   9.3445619e-02
   9.4479693e-02
   9.6501773e-02
   9.8503182e-02
   9.9781218e-02
   1.0045108e-01
   1.0082343e-01
   1.0092435e-01
   1.0075091e-01
   1.0049817e-01
   1.0026181e-01
   9.9871104e-02
   9.9318998e-02
   9.8955787e-02
   9.9065925e-02
   9.9618012e-02
   1.0878073e-01
   1.1585724e-01
   1.0914582e-01
   9.8128668e-02
   8.8651659e-02
   8.3106295e-02
   8.1520923e-02
   8.2290230e-02
   8.3686960e-02
   8.4939288e-02
   8.5731168e-02
   8.5499074e-02
   8.4173764e-02
   8.3016556e-02
   8.3715663e-02
   8.6887961e-02
   9.1890260e-02
   9.7535388e-02
   1.0266011e-01
   1.0635466e-01
   1.0804744e-01
   1.0770415e-01
   1.0594212e-01
   1.0355272e-01
   1.0108108e-01
   9.9015769e-02
   9.7835158e-02
   9.7599517e-02
   9.7898160e-02
   9.8360154e-02
   9.8934964e-02
   9.9651127e-02
   1.0040193e-01
   1.0105448e-01
   1.0154557e-01
   1.0175086e-01
   1.0145513e-01
   1.0062305e-01
   9.9563598e-02
   9.8788087e-02
   9.9112690e-02
   1.1122735e-01
   1.1866698e-01
   1.0603030e-01
   8.9161475e-02
   7.8028740e-02
   7.5769470e-02
   8.0867373e-02
   8.9565747e-02
   9.7945044e-02
   1.0329244e-01
   1.0446187e-01
   1.0152192e-01
   9.5654341e-02
   8.9073868e-02
   8.4222673e-02
   8.2674307e-02
   8.4708551e-02
   8.9576592e-02
   9.5948564e-02
   1.0232087e-01
   1.0736602e-01
   1.1020179e-01
   1.1075404e-01
   1.0954065e-01
   1.0724204e-01
   1.0456580e-01
   1.0214145e-01
   1.0031762e-01
   9.9137156e-02
   9.8549546e-02
   9.8546153e-02
   9.9086432e-02
   1.0002193e-01
   1.0114061e-01
   1.0220308e-01
   1.0289868e-01
   1.0287522e-01
   1.0195843e-01
   1.0037471e-01
   9.8787238e-02
   9.8743268e-02
   1.1124815e-01
   1.1638962e-01
   1.0043630e-01
   8.3099093e-02
   7.5757321e-02
   8.0884047e-02
   9.5138675e-02
   1.1275843e-01
   1.2808869e-01
   1.3716229e-01
   1.3850398e-01
   1.3271162e-01
   1.2185715e-01
   1.0893439e-01
   9.7075401e-02
   8.8682977e-02
   8.4927913e-02
   8.5729038e-02
   9.0040107e-02
   9.6282086e-02
   1.0275332e-01
   1.0768698e-01
   1.1032934e-01
   1.1080814e-01
   1.0963541e-01
   1.0745631e-01
   1.0490617e-01
   1.0247803e-01
   1.0048129e-01
   9.9104406e-02
   9.8463308e-02
   9.8579148e-02
   9.9353596e-02
   1.0058454e-01
   1.0197619e-01
   1.0312115e-01
   1.0352454e-01
   1.0282126e-01
   1.0113973e-01
   9.9141143e-02
   9.8724405e-02
   1.1153232e-01
   1.1268146e-01
   9.5166749e-02
   8.1015492e-02
   8.0703468e-02
   9.4929872e-02
   1.1849642e-01
   1.4418304e-01
   1.6529651e-01
   1.7712036e-01
   1.7822906e-01
   1.6972925e-01
   1.5430366e-01
   1.3545798e-01
   1.1679822e-01
   1.0131773e-01
   9.0890794e-02
   8.6099605e-02
   8.6380151e-02
   9.0400762e-02
   9.6479257e-02
   1.0162832e-01
   1.0532725e-01
   1.0721989e-01
   1.0746305e-01
   1.0643135e-01
   1.0459588e-01
   1.0242501e-01
   1.0032367e-01
   9.8616258e-02
   9.7538800e-02
   9.7219775e-02
   9.7665254e-02
   9.8757810e-02
   1.0025437e-01
   1.0177638e-01
   1.0280625e-01
   1.0281236e-01
   1.0157607e-01
   9.9615795e-02
   9.8835188e-02
   1.1194988e-01
   1.0852677e-01
   9.1314399e-02
   8.2506127e-02
   9.0254703e-02
   1.1277829e-01
   1.4348250e-01
   1.7472564e-01
   1.9973292e-01
   2.1342215e-01
   2.1428806e-01
   2.0377846e-01
   1.8496376e-01
   1.6162021e-01
   1.3759303e-01
   1.1621409e-01
   9.9834485e-02
   8.9586595e-02
   8.5436157e-02
   8.6527969e-02
   9.1839564e-02
   9.6868082e-02
   1.0047972e-01
   1.0291807e-01
   1.0401502e-01
   1.0388224e-01
   1.0280430e-01
   1.0115081e-01
   9.9307557e-02
   9.7629328e-02
   9.6406166e-02
   9.5835957e-02
   9.6005034e-02
   9.6876443e-02
   9.8278223e-02
   9.9884161e-02
   1.0117700e-01
   1.0193141e-01
   1.0168589e-01
   1.0026206e-01
   9.9137938e-02
   1.0929747e-01
   1.0289143e-01
   8.8457921e-02
   8.6503512e-02
   1.0301342e-01
   1.3080921e-01
   1.6375831e-01
   1.9595415e-01
   2.2170360e-01
   2.3786844e-01
   2.3963514e-01
   2.2853941e-01
   2.0808965e-01
   1.8224798e-01
   1.5494904e-01
   1.2966967e-01
   1.0903535e-01
   9.4575895e-02
   8.6722483e-02
   8.5088570e-02
   8.9036966e-02
   9.3973096e-02
   9.7547963e-02
   1.0022512e-01
   1.0180697e-01
   1.0226887e-01
   1.0175974e-01
   1.0055147e-01
   9.8979009e-02
   9.7386666e-02
   9.6083883e-02
   9.5310237e-02
   9.5209537e-02
   9.5810567e-02
   9.7007831e-02
   9.8533763e-02
   9.9916440e-02
   1.0104101e-01
   1.0188798e-01
   1.0138059e-01
   9.9906531e-02
   1.0494338e-01
   9.6866690e-02
   8.6636444e-02
   9.1410657e-02
   1.1466305e-01
   1.4250940e-01
   1.7187084e-01
   2.0098856e-01
   2.2492146e-01
   2.4446495e-01
   2.5042975e-01
   2.4076499e-01
   2.2067363e-01
   1.9447590e-01
   1.6615652e-01
   1.3921674e-01
   1.1639583e-01
   9.9458440e-02
   8.9162047e-02
   8.5462116e-02
   8.7945823e-02
   9.2337080e-02
   9.5772138e-02
   9.8576282e-02
   1.0050817e-01
   1.0144528e-01
   1.0142447e-01
   1.0062295e-01
   9.9313236e-02
   9.7811607e-02
   9.6429772e-02
   9.5434134e-02
   9.5014072e-02
   9.5257594e-02
   9.6128861e-02
   9.7438415e-02
   9.8797134e-02
   1.0025699e-01
   1.0222042e-01
   1.0282434e-01
   1.0091770e-01
   1.0334062e-01
   9.4195479e-02
   8.6590015e-02
   9.4804022e-02
   1.2007092e-01
   1.4627094e-01
   1.7188287e-01
   1.9779635e-01
   2.1948869e-01
   2.3837029e-01
   2.4750509e-01
   2.4038897e-01
   2.2226486e-01
   1.9756737e-01
   1.7024205e-01
   1.4371293e-01
   1.2070185e-01
   1.0305870e-01
   9.1714277e-02
   8.6821854e-02
   8.8102245e-02
   9.1834046e-02
   9.5051052e-02
   9.7902924e-02
   1.0008535e-01
   1.0139165e-01
   1.0176687e-01
   1.0130677e-01
   1.0022440e-01
   9.8802582e-02
   9.7344207e-02
   9.6127472e-02
   9.5369702e-02
   9.5200635e-02
   9.5642382e-02
   9.6587201e-02
   9.7754446e-02
   9.9369695e-02
   1.0226713e-01
   1.0401234e-01
   1.0182081e-01
   1.0543832e-01
   9.6690270e-02
   8.8643466e-02
   9.6084028e-02
   1.1945168e-01
   1.4288228e-01
   1.6526685e-01
   1.8803371e-01
   2.0727838e-01
   2.2455360e-01
   2.3456672e-01
   2.2973050e-01
   2.1434003e-01
   1.9241480e-01
   1.6762024e-01
   1.4316153e-01
   1.2162148e-01
   1.0481032e-01
   9.3703777e-02
   8.8527368e-02
   8.9041251e-02
   9.2208332e-02
   9.5237033e-02
   9.8131881e-02
   1.0052002e-01
   1.0212125e-01
   1.0280955e-01
   1.0261928e-01
   1.0171748e-01
   1.0035875e-01
   9.8834283e-02
   9.7423257e-02
   9.6352080e-02
   9.5765883e-02
   9.5714610e-02
   9.6150237e-02
   9.6908692e-02
   9.8355635e-02
   1.0177830e-01
   1.0455143e-01
   1.0257019e-01
   1.0818605e-01
   1.0133477e-01
   9.1159938e-02
   9.5170458e-02
   1.1425056e-01
   1.3416775e-01
   1.5334054e-01
   1.7295132e-01
   1.8962105e-01
   2.0481884e-01
   2.1456437e-01
   2.1162725e-01
   1.9927661e-01
   1.8087488e-01
   1.5962748e-01
   1.3839776e-01
   1.1953075e-01
   1.0470550e-01
   9.4857759e-02
   9.0202373e-02
   9.0361867e-02
   9.3202922e-02
   9.6197272e-02
   9.9228022e-02
   1.0184290e-01
   1.0370340e-01
   1.0463866e-01
   1.0464839e-01
   1.0387558e-01
   1.0256150e-01
   1.0099240e-01
   9.9445695e-02
   9.8142463e-02
   9.7213634e-02
   9.6689109e-02
   9.6520803e-02
   9.6651709e-02
   9.7522439e-02
   1.0082625e-01
   1.0423416e-01
   1.0302339e-01
   1.0928391e-01
   1.0421599e-01
   9.2447747e-02
   9.2550935e-02
   1.0645655e-01
   1.2248163e-01
   1.3834070e-01
   1.5472373e-01
   1.6870495e-01
   1.8152654e-01
   1.9040606e-01
   1.8905674e-01
   1.7979420e-01
   1.6525461e-01
   1.4809225e-01
   1.3074961e-01
   1.1526526e-01
   1.0312469e-01
   9.5174000e-02
   9.1601171e-02
   9.1926783e-02
   9.4721658e-02
   9.8019508e-02
   1.0140240e-01
   1.0435063e-01
   1.0650088e-01
   1.0766813e-01
   1.0784444e-01
   1.0717256e-01
   1.0590071e-01
   1.0432536e-01
   1.0272905e-01
   1.0132041e-01
   1.0018715e-01
   9.9280014e-02
   9.8459289e-02
   9.7677089e-02
   9.7578713e-02
   9.9582272e-02
   1.0245757e-01
   1.0224591e-01
   1.0868953e-01
   1.0505315e-01
   9.3110072e-02
   8.9853310e-02
   9.8454588e-02
   1.1039109e-01
   1.2281128e-01
   1.3586827e-01
   1.4706413e-01
   1.5733314e-01
   1.6499433e-01
   1.6493939e-01
   1.5861567e-01
   1.4793863e-01
   1.3498250e-01
   1.2173113e-01
   1.0987669e-01
   1.0066919e-01
   9.4825372e-02
   9.2495592e-02
   9.3262206e-02
   9.6136475e-02
   9.9800575e-02
   1.0346555e-01
   1.0661172e-01
   1.0889438e-01
   1.1014691e-01
   1.1037923e-01
   1.0975462e-01
   1.0854588e-01
   1.0707492e-01
   1.0564004e-01
   1.0443822e-01
   1.0349687e-01
   1.0264458e-01
   1.0157476e-01
   1.0008659e-01
   9.8565023e-02
   9.8145303e-02
   9.8872809e-02
   9.9699978e-02
   1.0796400e-01
   1.0635595e-01
   9.5123955e-02
   8.9024107e-02
   9.2403059e-02
   1.0013955e-01
   1.0903706e-01
   1.1870981e-01
   1.2708101e-01
   1.3474455e-01
   1.4097629e-01
   1.4190135e-01
   1.3819639e-01
   1.3110182e-01
   1.2212509e-01
   1.1278821e-01
   1.0442532e-01
   9.8034776e-02
   9.4189346e-02
   9.3002420e-02
   9.4141328e-02
   9.6890075e-02
   1.0033669e-01
   1.0375316e-01
   1.0663147e-01
   1.0865255e-01
   1.0967914e-01
   1.0974852e-01
   1.0905063e-01
   1.0788740e-01
   1.0661241e-01
   1.0555162e-01
   1.0490965e-01
   1.0467609e-01
   1.0456547e-01
   1.0405292e-01
   1.0258963e-01
   1.0003370e-01
   9.7046901e-02
   9.4968776e-02
   9.6664380e-02
   1.0794000e-01
   1.0919594e-01
   9.9103733e-02
   9.0819527e-02
   8.9441819e-02
   9.3117595e-02
   9.8577072e-02
   1.0494835e-01
   1.1057463e-01
   1.1572482e-01
   1.2044887e-01
   1.2202982e-01
   1.2049407e-01
   1.1648611e-01
   1.1099344e-01
   1.0510212e-01
   9.9801927e-02
   9.5846778e-02
   9.3671001e-02
   9.3359000e-02
   9.4663928e-02
   9.7076379e-02
   9.9959486e-02
   1.0274074e-01
   1.0499136e-01
   1.0644473e-01
   1.0700216e-01
   1.0673018e-01
   1.0584470e-01
   1.0467735e-01
   1.0362001e-01
   1.0304337e-01
   1.0318880e-01
   1.0404359e-01
   1.0523071e-01
   1.0597954e-01
   1.0528336e-01
   1.0236068e-01
   9.7462862e-02
   9.2972821e-02
   9.4868937e-02
   1.0706837e-01
   1.1093500e-01
   1.0323042e-01
   9.4359899e-02
   8.9470031e-02
   8.9651477e-02
   9.2032221e-02
   9.5414061e-02
   9.8550276e-02
   1.0143724e-01
   1.0473902e-01
   1.0668641e-01
   1.0680275e-01
   1.0524940e-01
   1.0256962e-01
   9.9462963e-02
   9.6608692e-02
   9.4540812e-02
   9.3573493e-02
   9.3773681e-02
   9.4976453e-02
   9.6839349e-02
   9.8932516e-02
   1.0084631e-01
   1.0225952e-01
   1.0297345e-01
   1.0292947e-01
   1.0221600e-01
   1.0106367e-01
   9.9824271e-02
   9.8926196e-02
   9.8797257e-02
   9.9746929e-02
   1.0180926e-01
   1.0457042e-01
   1.0704845e-01
   1.0776198e-01
   1.0521420e-01
   9.9090101e-02
   9.2370727e-02
   9.3665537e-02
   1.0369336e-01
   1.0861777e-01
   1.0533094e-01
   9.8333903e-02
   9.1821917e-02
   8.9186556e-02
   8.9084298e-02
   9.0045882e-02
   9.1165170e-02
   9.2167458e-02
   9.4330541e-02
   9.6432235e-02
   9.7682393e-02
   9.7903194e-02
   9.7289184e-02
   9.6218821e-02
   9.5108540e-02
   9.4308446e-02
   9.4038551e-02
   9.4362648e-02
   9.5195158e-02
   9.6335179e-02
   9.7520512e-02
   9.8488712e-02
   9.9024801e-02
   9.8993971e-02
   9.8364955e-02
   9.7227107e-02
   9.5800036e-02
   9.4430408e-02
   9.3565709e-02
   9.3690263e-02
   9.5207167e-02
   9.8255581e-02
   1.0247395e-01
   1.0676853e-01
   1.0924144e-01
   1.0759537e-01
   1.0056534e-01
   9.1093854e-02
   9.1342304e-02
   9.8645135e-02
   1.0307675e-01
   1.0530039e-01
   1.0240786e-01
   9.6841127e-02
   9.1696071e-02
   8.8968395e-02
   8.7658923e-02
   8.7273145e-02
   8.7502687e-02
   8.8977649e-02
   9.1087524e-02
   9.3000291e-02
   9.4347167e-02
   9.5070286e-02
   9.5297632e-02
   9.5237770e-02
   9.5099658e-02
   9.5040007e-02
   9.5136877e-02
   9.5385599e-02
   9.5711804e-02
   9.5995751e-02
   9.6101264e-02
   9.5902613e-02
   9.5308958e-02
   9.4288954e-02
   9.2896974e-02
   9.1299244e-02
   8.9793338e-02
   8.8808090e-02
   8.8863993e-02
   9.0469279e-02
   9.3927974e-02
   9.9051871e-02
   1.0481542e-01
   1.0910088e-01
   1.0890214e-01
   1.0176504e-01
   8.9879423e-02
   8.8720449e-02
   9.4653870e-02
   9.7686529e-02
   1.0430396e-01
   1.0582270e-01
   1.0255624e-01
   9.7304929e-02
   9.2514307e-02
   8.9010796e-02
   8.7082296e-02
   8.6749555e-02
   8.7887721e-02
   8.9882299e-02
   9.2068843e-02
   9.3990270e-02
   9.5415464e-02
   9.6289212e-02
   9.6668789e-02
   9.6667555e-02
   9.6412559e-02
   9.6016676e-02
   9.5562715e-02
   9.5096064e-02
   9.4623038e-02
   9.4113368e-02
   9.3506896e-02
   9.2726897e-02
   9.1703112e-02
   9.0406076e-02
   8.8891055e-02
   8.7344454e-02
   8.6117609e-02
   8.5723571e-02
   8.6765348e-02
   8.9760357e-02
   9.4832940e-02
   1.0128471e-01
   1.0716026e-01
   1.0917606e-01
   1.0390423e-01
   9.2067260e-02
   8.9002057e-02
   9.3130901e-02
   9.4530259e-02
   1.0313219e-01
   1.0780595e-01
   1.0696911e-01
   1.0268160e-01
   9.7477930e-02
   9.3030059e-02
   9.0200053e-02
   8.9235908e-02
   8.9919474e-02
   9.1670994e-02
   9.3848382e-02
   9.5927517e-02
   9.7559637e-02
   9.8565412e-02
   9.8904382e-02
   9.8638994e-02
   9.7900861e-02
   9.6860537e-02
   9.5699475e-02
   9.4582826e-02
   9.3633436e-02
   9.2909764e-02
   9.2392351e-02
   9.1984445e-02
   9.1531656e-02
   9.0863459e-02
   8.9855853e-02
   8.8508428e-02
   8.7019190e-02
   8.5828215e-02
   8.5595237e-02
   8.7069842e-02
   9.0808646e-02
   9.6714862e-02
   1.0346700e-01
   1.0814523e-01
   1.0689027e-01
   9.8387352e-02
   9.3016069e-02
   9.3436547e-02
   9.3261940e-02
   1.0167542e-01
   1.0790198e-01
   1.0905842e-01
   1.0626652e-01
   1.0176261e-01
   9.7439568e-02
   9.4447682e-02
   9.3218419e-02
   9.3614010e-02
   9.5131350e-02
   9.7154844e-02
   9.9126890e-02
   1.0063000e-01
   1.0141229e-01
   1.0138323e-01
   1.0059509e-01
   9.9216525e-02
   9.7499380e-02
   9.5738306e-02
   9.4223693e-02
   9.3191435e-02
   9.2776169e-02
   9.2976750e-02
   9.3642814e-02
   9.4489643e-02
   9.5145902e-02
   9.5235572e-02
   9.4489595e-02
   9.2869275e-02
   9.0662993e-02
   8.8522851e-02
   8.7404482e-02
   8.8352464e-02
   9.2066880e-02
   9.8242333e-02
   1.0487209e-01
   1.0817836e-01
   1.0467765e-01
   9.7847238e-02
   9.4168070e-02
   9.2716944e-02
   9.9740068e-02
   1.0622956e-01
   1.0872292e-01
   1.0749856e-01
   1.0427643e-01
   1.0080591e-01
   9.8281773e-02
   9.7230564e-02
   9.7611322e-02
   9.9010134e-02
   1.0085891e-01
   1.0260144e-01
   1.0379357e-01
   1.0415346e-01
   1.0357972e-01
   1.0214845e-01
   1.0009351e-01
   9.7770322e-02
   9.5602872e-02
   9.4016290e-02
   9.3361389e-02
   9.3841987e-02
   9.5457957e-02
   9.7976392e-02
   1.0094030e-01
   1.0372105e-01
   1.0561938e-01
   1.0601689e-01
   1.0456151e-01
   1.0131631e-01
   9.6849234e-02
   9.2253172e-02
   8.9035516e-02
   8.8766519e-02
   9.2374353e-02
   9.9113808e-02
   1.0566788e-01
   1.0674997e-01
   1.0042860e-01
   9.5055173e-02
   9.2624749e-02
   9.7804160e-02
   1.0357513e-01
   1.0660923e-01
   1.0662457e-01
   1.0477971e-01
   1.0248795e-01
   1.0081264e-01
   1.0027443e-01
   1.0088937e-01
   1.0231847e-01
   1.0404886e-01
   1.0554857e-01
   1.0637630e-01
   1.0625037e-01
   1.0508619e-01
   1.0300797e-01
   1.0033583e-01
   9.7547064e-02
   9.5210513e-02
   9.3897879e-02
   9.4081367e-02
   9.6033008e-02
   9.9743508e-02
   1.0487666e-01
   1.1077035e-01
   1.1649079e-01
   1.2094894e-01
   1.2309896e-01
   1.2222356e-01
   1.1812077e-01
   1.1121143e-01
   1.0263328e-01
   9.4265004e-02
   8.8521647e-02
   8.7685367e-02
   9.2578433e-02
   1.0084566e-01
   1.0606120e-01
   1.0211251e-01
   9.6604234e-02
   9.3803172e-02
   9.6824487e-02
   1.0101890e-01
   1.0372894e-01
   1.0439010e-01
   1.0364504e-01
   1.0249194e-01
   1.0175753e-01
   1.0187472e-01
   1.0286578e-01
   1.0443928e-01
   1.0613082e-01
   1.0743997e-01
   1.0794206e-01
   1.0737038e-01
   1.0567044e-01
   1.0302607e-01
   9.9854570e-02
   9.6766459e-02
   9.4487731e-02
   9.3748932e-02
   9.5153769e-02
   9.9047795e-02
   1.0541092e-01
   1.1379403e-01
   1.2331108e-01
   1.3268963e-01
   1.4038925e-01
   1.4484405e-01
   1.4497024e-01
   1.4033698e-01
   1.3119736e-01
   1.1863589e-01
   1.0475252e-01
   9.2687201e-02
   8.6142630e-02
   8.7838269e-02
   9.7100317e-02
   1.0714527e-01
   1.0569865e-01
   9.8803927e-02
   9.6542658e-02
   9.7260208e-02
   9.9318750e-02
   1.0101125e-01
   1.0168811e-01
   1.0157284e-01
   1.0126019e-01
   1.0130834e-01
   1.0202064e-01
   1.0338946e-01
   1.0514522e-01
   1.0685827e-01
   1.0805484e-01
   1.0832577e-01
   1.0741819e-01
   1.0530494e-01
   1.0222593e-01
   9.8693345e-02
   9.5452212e-02
   9.3391891e-02
   9.3412410e-02
   9.6261647e-02
   1.0237006e-01
   1.1171425e-01
   1.2373543e-01
   1.3732343e-01
   1.5085826e-01
   1.6229614e-01
   1.6937638e-01
   1.7075506e-01
   1.6595144e-01
   1.5509041e-01
   1.3910386e-01
   1.2007831e-01
   1.0155692e-01
   8.8632140e-02
   8.6037622e-02
   9.5255924e-02
   1.0989489e-01
   1.1030217e-01
   1.0086145e-01
   9.9671266e-02
   9.8576066e-02
   9.8614628e-02
   9.9045068e-02
   9.9299417e-02
   9.9338370e-02
   9.9447024e-02
   9.9953882e-02
   1.0103905e-01
   1.0265643e-01
   1.0454555e-01
   1.0629952e-01
   1.0746028e-01
   1.0762210e-01
   1.0653063e-01
   1.0416733e-01
   1.0080805e-01
   9.7041784e-02
   9.3736183e-02
   9.1941093e-02
   9.2732737e-02
   9.7017120e-02
   1.0532638e-01
   1.1764930e-01
   1.3333102e-01
   1.5105543e-01
   1.6888653e-01
   1.8428339e-01
   1.9382306e-01
   1.9630121e-01
   1.9160487e-01
   1.7980581e-01
   1.6159806e-01
   1.3872574e-01
   1.1420356e-01
   9.4604728e-02
   8.6441411e-02
   9.3180300e-02
   1.0939054e-01
   1.1186286e-01
   1.0191936e-01
   1.0174007e-01
   9.9884918e-02
   9.8667662e-02
   9.8081326e-02
   9.7767905e-02
   9.7608657e-02
   9.7722515e-02
   9.8298144e-02
   9.9440347e-02
   1.0108561e-01
   1.0298816e-01
   1.0476040e-01
   1.0594968e-01
   1.0613599e-01
   1.0503782e-01
   1.0261244e-01
   9.9134759e-02
   9.5234989e-02
   9.1875285e-02
   9.0250777e-02
   9.1614154e-02
   9.7043524e-02
   1.0719431e-01
   1.2208827e-01
   1.4098828e-01
   1.6238560e-01
   1.8408987e-01
   2.0335111e-01
   2.1422116e-01
   2.1701657e-01
   2.1259923e-01
   2.0094847e-01
   1.8258242e-01
   1.5891578e-01
   1.2895124e-01
   1.0264982e-01
   8.7940630e-02
   8.9696587e-02
   1.0389788e-01
   1.0940294e-01
   1.0191863e-01
   1.0230890e-01
   1.0069663e-01
   9.9194872e-02
   9.8128501e-02
   9.7361250e-02
   9.6829071e-02
   9.6624399e-02
   9.6904051e-02
   9.7769946e-02
   9.9185139e-02
   1.0094222e-01
   1.0268177e-01
   1.0395251e-01
   1.0430308e-01
   1.0339412e-01
   1.0111560e-01
   9.7689574e-02
   9.3733554e-02
   9.0257173e-02
   8.8569700e-02
   9.0091045e-02
   9.6084444e-02
   1.0735698e-01
   1.2399223e-01
   1.4517581e-01
   1.6914292e-01
   1.9321776e-01
   2.1381461e-01
   2.2340998e-01
   2.2575669e-01
   2.2167283e-01
   2.1077001e-01
   1.9369245e-01
   1.7271302e-01
   1.4373175e-01
   1.1077061e-01
   8.9879911e-02
   8.6328950e-02
   9.7554893e-02
   1.0602681e-01
   1.0124391e-01
   1.0171433e-01
   1.0090749e-01
   9.9938839e-02
   9.9007238e-02
   9.8073374e-02
   9.7172118e-02
   9.6467434e-02
   9.6180795e-02
   9.6487679e-02
   9.7432557e-02
   9.8883199e-02
   1.0052996e-01
   1.0192947e-01
   1.0258892e-01
   1.0208257e-01
   1.0018587e-01
   9.7005171e-02
   9.3074087e-02
   8.9381759e-02
   8.7300205e-02
   8.8393177e-02
   9.4119280e-02
   1.0547847e-01
   1.2267749e-01
   1.4489066e-01
   1.7015814e-01
   1.9539826e-01
   2.1644345e-01
   2.2570858e-01
   2.2798659e-01
   2.2432027e-01
   2.1401281e-01
   1.9772233e-01
   1.7779514e-01
   1.5084145e-01
   1.1546053e-01
   9.1308047e-02
   8.4921969e-02
   9.4871418e-02
   1.0439476e-01
   1.0019923e-01
   1.0027010e-01
   1.0048571e-01
   1.0063911e-01
   1.0040667e-01
   9.9669998e-02
   9.8542889e-02
   9.7309385e-02
   9.6320978e-02
   9.5887310e-02
   9.6184788e-02
   9.7197311e-02
   9.8696520e-02
   1.0026664e-01
   1.0137681e-01
   1.0149746e-01
   1.0024772e-01
   9.7552221e-02
   9.3776392e-02
   8.9799523e-02
   8.6979900e-02
   8.6979600e-02
   9.1451636e-02
   1.0163835e-01
   1.1796736e-01
   1.3974274e-01
   1.6500229e-01
   1.9054639e-01
   2.1207388e-01
   2.2179333e-01
   2.2452980e-01
   2.2135865e-01
   2.1151285e-01
   1.9569387e-01
   1.7632587e-01
   1.5022941e-01
   1.1511946e-01
   9.1207053e-02
   8.5423565e-02
   9.6236480e-02
   1.0553408e-01
   9.8933938e-02
   9.8154989e-02
   9.9493748e-02
   1.0111946e-01
   1.0197963e-01
   1.0176229e-01
   1.0062030e-01
   9.8960068e-02
   9.7283271e-02
   9.6059885e-02
   9.5627519e-02
   9.6119213e-02
   9.7423491e-02
   9.9185258e-02
   1.0085869e-01
   1.0181499e-01
   1.0149451e-01
   9.9584191e-02
   9.6193387e-02
   9.1984302e-02
   8.8196430e-02
   8.6511580e-02
   8.8747431e-02
   9.6425043e-02
   1.1030292e-01
   1.2999562e-01
   1.5378556e-01
   1.7866990e-01
   2.0056260e-01
   2.1111413e-01
   2.1447563e-01
   2.1177153e-01
   2.0226956e-01
   1.8676039e-01
   1.6775647e-01
   1.4249358e-01
   1.0962831e-01
   8.8985249e-02
   8.6543089e-02
   9.9233613e-02
   1.0770628e-01
   9.7616811e-02
   9.5950532e-02
   9.8322992e-02
   1.0137943e-01
   1.0340056e-01
   1.0386062e-01
   1.0290448e-01
   1.0101590e-01
   9.8811881e-02
   9.6899569e-02
   9.5769477e-02
   9.5714821e-02
   9.6771523e-02
   9.8688691e-02
   1.0095243e-01
   1.0287381e-01
   1.0373001e-01
   1.0294520e-01
   1.0029862e-01
   9.6121699e-02
   9.1404382e-02
   8.7727337e-02
   8.6990687e-02
   9.0981950e-02
   1.0087186e-01
   1.1676189e-01
   1.3743688e-01
   1.6043530e-01
   1.8237762e-01
   1.9425680e-01
   1.9840658e-01
   1.9616052e-01
   1.8695510e-01
   1.7170920e-01
   1.5297984e-01
   1.2887395e-01
   1.0015681e-01
   8.5254507e-02
   8.7928474e-02
   1.0255524e-01
   1.0859282e-01
   9.6800333e-02
   9.4632498e-02
   9.7549799e-02
   1.0148050e-01
   1.0432589e-01
   1.0539339e-01
   1.0476460e-01
   1.0291427e-01
   1.0048687e-01
   9.8148089e-02
   9.6482522e-02
   9.5917580e-02
   9.6649029e-02
   9.8575104e-02
   1.0128300e-01
   1.0410780e-01
   1.0624034e-01
   1.0687639e-01
   1.0543267e-01
   1.0181375e-01
   9.6621352e-02
   9.1174254e-02
   8.7297872e-02
   8.6940488e-02
   9.1683730e-02
   1.0223213e-01
   1.1807695e-01
   1.3760499e-01
   1.5896781e-01
   1.7357383e-01
   1.7874449e-01
   1.7700772e-01
   1.6812344e-01
   1.5312481e-01
   1.3417883e-01
   1.1158375e-01
   8.9152258e-02
   8.1863344e-02
   9.0474531e-02
   1.0667295e-01
   1.0920715e-01
   9.6757435e-02
   9.4642391e-02
   9.7409262e-02
   1.0131578e-01
   1.0434058e-01
   1.0574764e-01
   1.0551771e-01
   1.0401835e-01
   1.0180282e-01
   9.9468857e-02
   9.7578582e-02
   9.6615865e-02
   9.6913485e-02
   9.8546267e-02
   1.0127928e-01
   1.0460291e-01
   1.0778190e-01
   1.0991059e-01
   1.1008811e-01
   1.0775407e-01
   1.0301936e-01
   9.6770306e-02
   9.0516629e-02
   8.6120581e-02
   8.5430742e-02
   8.9746550e-02
   9.9289688e-02
   1.1306043e-01
   1.2917315e-01
   1.4495449e-01
   1.5215984e-01
   1.5120149e-01
   1.4308743e-01
   1.2921172e-01
   1.1174171e-01
   9.3133872e-02
   7.9988098e-02
   8.0983417e-02
   9.4733628e-02
   1.1126449e-01
   1.1030577e-01
   9.7433278e-02
   9.5724660e-02
   9.7687383e-02
   1.0061530e-01
   1.0305926e-01
   1.0442075e-01
   1.0458641e-01
   1.0375193e-01
   1.0227351e-01
   1.0053135e-01
   9.8893760e-02
   9.7761381e-02
   9.7528041e-02
   9.8423938e-02
   1.0043876e-01
   1.0337755e-01
   1.0683148e-01
   1.1003574e-01
   1.1192500e-01
   1.1154662e-01
   1.0853613e-01
   1.0324657e-01
   9.6569968e-02
   8.9855565e-02
   8.4889269e-02
   8.3426990e-02
   8.6366670e-02
   9.3291128e-02
   1.0260666e-01
   1.1169480e-01
   1.1650436e-01
   1.1580857e-01
   1.1002427e-01
   1.0046461e-01
   8.9386594e-02
   8.0042934e-02
   7.7094724e-02
   8.4351821e-02
   1.0004319e-01
   1.1468025e-01
   1.1077704e-01
   9.8749773e-02
   9.7535525e-02
   9.8091994e-02
   9.9253128e-02
   1.0044094e-01
   1.0133706e-01
   1.0178155e-01
   1.0181459e-01
   1.0156600e-01
   1.0107595e-01
   1.0031665e-01
   9.9411831e-02
   9.8683818e-02
   9.8412435e-02
   9.8762146e-02
   9.9982936e-02
   1.0230423e-01
   1.0543426e-01
   1.0839734e-01
   1.1007661e-01
   1.0988131e-01
   1.0774766e-01
   1.0366770e-01
   9.7862714e-02
   9.1540956e-02
   8.6662177e-02
   8.4580544e-02
   8.5282812e-02
   8.7729879e-02
   9.0405729e-02
   9.1715050e-02
   9.1122666e-02
   8.8793173e-02
   8.5381685e-02
   8.2193242e-02
   8.1050509e-02
   8.4029170e-02
   9.2373370e-02
   1.0455756e-01
   1.1420857e-01
   1.0910560e-01
   1.0018481e-01
   9.9386731e-02
   9.8398611e-02
   9.7584273e-02
   9.7218036e-02
   9.7317849e-02
   9.7752876e-02
   9.8541870e-02
   9.9708428e-02
   1.0094475e-01
   1.0166695e-01
   1.0153295e-01
   1.0065243e-01
   9.9161976e-02
   9.7182221e-02
   9.5401155e-02
   9.4923097e-02
   9.6205714e-02
   9.8620556e-02
   1.0125018e-01
   1.0383325e-01
   1.0639855e-01
   1.0795216e-01
   1.0690780e-01
   1.0335976e-01
   9.9237263e-02
   9.5859498e-02
   9.3016511e-02
   9.0176673e-02
   8.7349701e-02
   8.5227824e-02
   8.4680987e-02
   8.5820896e-02
   8.8186546e-02
   9.1447650e-02
   9.5402561e-02
   9.9575766e-02
   1.0328903e-01
   1.0652986e-01
   1.0879052e-01
   1.0455275e-01
   1.0021766e-01
   1.0008470e-01
   9.8639008e-02
   9.6704904e-02
   9.5265317e-02
   9.4597640e-02
   9.4628639e-02
   9.5546359e-02
   9.7540530e-02
   1.0017257e-01
   1.0236684e-01
   1.0332186e-01
   1.0293357e-01
   1.0104122e-01
   9.7387636e-02
   9.2799965e-02
   8.9059698e-02
   8.7260561e-02
   8.7181610e-02
   8.8415578e-02
   9.1629377e-02
   9.7734533e-02
   1.0515566e-01
   1.1040437e-01
   1.1247267e-01
   1.1319620e-01
   1.1307296e-01
   1.1073943e-01
   1.0594019e-01
   1.0010618e-01
   9.5784513e-02
   9.5046522e-02
   9.7990391e-02
   1.0316990e-01
   1.0883299e-01
   1.1362671e-01
   1.1565164e-01
   1.1243258e-01
   1.0547327e-01
   1.0224600e-01
   9.9621752e-02
   1.0001801e-01
   1.0033320e-01
   9.9488167e-02
   9.8311643e-02
   9.7443849e-02
   9.6905713e-02
   9.6569949e-02
   9.6670490e-02
   9.7767158e-02
   9.9544232e-02
   1.0111584e-01
   1.0208073e-01
   1.0235102e-01
   1.0168912e-01
   9.9733225e-02
   9.6648710e-02
   9.3400785e-02
   9.1086541e-02
   8.9456667e-02
   8.8328955e-02
   8.8936271e-02
   9.2449951e-02
   9.7726198e-02
   1.0263313e-01
   1.0663690e-01
   1.0998231e-01
   1.1277996e-01
   1.1356746e-01
   1.1162486e-01
   1.0789212e-01
   1.0533936e-01
   1.0512921e-01
   1.0596525e-01
   1.0801515e-01
   1.1080825e-01
   1.1323951e-01
   1.1343110e-01
   1.0911261e-01
   1.0137812e-01
   1.0004021e-01
   1.0044881e-01
